 (4.830413381204100576e-01-5.030250951430175199e-01j), (1.208933264486893033e-01+3.928197580480481399e-01j), (-2.199390697806202777e-01+1.340992675399850509e-02j), (-1.050663000284723925e-02-1.185548470602506982e-01j), (7.403513860949073599e-02-2.278942571780762441e-02j), (2.780667005886159129e-02+4.750770766902964737e-02j), (-3.305582136885924088e-02+2.932974746457181828e-02j), (-2.892783509856079738e-02-1.910321077144958371e-02j), (1.196962355556707713e-02-2.633449324118447565e-02j), (2.484712846152974802e-02+3.383923049061283300e-03j), (3.703428617800857275e-04+2.021217218792062051e-02j), (-1.876239163754688660e-02+5.355773068751829187e-03j), (-7.366993956340985202e-03-1.322198440585697563e-02j), (1.214515196128963283e-02-9.423998052593269420e-03j), (1.063521896844146601e-02+6.634665808922176299e-03j), (-5.900076271661861167e-03+1.016579577690181722e-02j), (-1.122034015954855544e-02-1.157837764707913414e-03j), (6.492788554257004213e-04-8.747194994687759045e-03j), (9.886456778766381306e-03-2.726125411334742558e-03j), (3.299253343683126484e-03+6.111943391112279605e-03j), (-7.348007469827294406e-03+4.853486980189366043e-03j), (-5.819886682837489486e-03-3.037089393947184964e-03j), (4.258797811351562254e-03-5.388945907421259680e-03j), (6.897126866604023736e-03+2.045630230022815570e-04j), (-1.096898675353830599e-03+4.664111203301178274e-03j), (-6.746965020647338607e-03+1.900745338409352315e-03j), (-1.663739527126400055e-03-3.112244712503821689e-03j), (5.581267628547935920e-03-3.052076881568828275e-03j), (3.747448831155951367e-03+1.248461177025887627e-03j), (-3.704284966039169194e-03+3.211506921500011536e-03j), (-5.024115890408405866e-03+4.707506178923746669e-04j), (1.516464851264052007e-03-2.544810447036876047e-03j), (5.373479232086714012e-03-1.690311501244863438e-03j), (7.078715333198157180e-04+1.359433090163352648e-03j), (-4.878375143066953148e-03+2.197005444719404236e-03j), (-2.670196720578634636e-03-1.550326839543049104e-05j), (3.694022833952383643e-03-1.962484553013845237e-03j), (4.103640392391021130e-03-1.135588675999663457e-03j), (-2.001667416131234882e-03+1.137424785840088041e-03j), (-4.832144720156529918e-03+1.803197792773322773e-03j)
 (1.208933264486620612e-01+3.928197580480351503e-01j), (2.631022683398130391e-01-4.896151683890096473e-01j), (1.103866964458388306e-01+2.742649109878017022e-01j), (-1.459039311711338160e-01-9.379498963822403834e-03j), (1.730004005601568431e-02-7.104713939121543032e-02j), (4.097931724063048897e-02+6.540321746766752584e-03j), (-1.121165039698553828e-03+2.840449689757904017e-02j), (-2.108619781329823528e-02+2.995254223386503885e-03j), (-4.080706637013677834e-03-1.571928772238202765e-02j), (1.233996641732138314e-02-6.122321053275865503e-03j), (6.084736824005421499e-03+8.739696117820624707e-03j), (-6.996651094574780731e-03+6.990187782079713627e-03j), (-6.617239676254554545e-03-4.068224983871011197e-03j), (3.268225012115167846e-03-6.587318596922199163e-03j), (6.245075689605921083e-03+7.417977243108740681e-04j), (-5.851211910995902238e-04+5.476828044225576751e-03j), (-5.250797416215499322e-03+1.418600782178848062e-03j), (-1.333883380811440224e-03-3.883963175999282681e-03j), (3.948532199131407801e-03-2.635251603612072564e-03j), (2.538449308924474890e-03+2.127361568875098426e-03j), (-2.520633339145416599e-03+3.074853997165098544e-03j), (-3.089209658470467267e-03-5.354589272383090785e-04j), (1.077240183754444745e-03-2.832526370953969072e-03j), (3.161899136003862385e-03-7.248347041018112988e-04j), (1.501618459572882707e-04+2.105308361406296128e-03j), (-2.760638202480570659e-03+1.551866490789413286e-03j), (-1.165697392104739563e-03-1.151331543154243383e-03j), (2.083709304045165342e-03-1.863783535482288652e-03j), (1.876982662481752094e-03+1.594300399400267734e-04j), (-1.276667059225139109e-03+1.719211794908286767e-03j), (-2.187820114789979647e-03+6.666964744731370372e-04j), (3.493633416865800671e-04-1.219560883369619599e-03j), (2.224336384568554453e-03-1.185377356857272944e-03j), (4.951040890407067824e-04+5.066939434697183752e-04j), (-1.962325187272457531e-03+1.343929821774602360e-03j), (-1.184352309110124277e-03+2.345208916873274888e-04j), (1.433443671808558610e-03-1.151091944389498597e-03j), (1.692355417829375253e-03-8.250597671519460836e-04j), (-7.285043277744029325e-04+6.676091167469465262e-04j), (-2.001667416125984741e-03+1.137424785851023955e-03j)
 (-2.199390697805935213e-01+1.340992675401130735e-02j), (1.103866964458102146e-01+2.742649109877881020e-01j), (3.371374069493023318e-01-5.124045941068349208e-01j), (1.381933665046927440e-01+3.217726186568428126e-01j), (-1.789597525399895250e-01+1.995024850075148570e-02j), (-1.162779504253562760e-02-9.015035016267089474e-02j), (5.294894079617949723e-02-1.979417149441316248e-02j), (2.372596342185489052e-02+3.178841994663817588e-02j), (-2.071585495154661116e-02+2.320742641130676270e-02j), (-2.284309827453386010e-02-1.036351465363357337e-02j), (4.972972460960995919e-03-1.934430545911269492e-02j), (1.822988878530693024e-02-6.843019348042895383e-04j), (3.638567873870323429e-03+1.362485359101593685e-02j), (-1.251731594793390780e-02+6.097570793036978173e-03j), (-7.952115147423888253e-03-7.745156361626144396e-03j), (6.894354545054871136e-03-8.005397270409216753e-03j), (9.301335587628396448e-03+2.750702632933441170e-03j), (-1.951544072505335872e-03+7.530544173255604434e-03j), (-8.681890850652585964e-03+9.695238042131606050e-04j), (-1.871354483693829117e-03-5.672340997569058282e-03j), (6.797247120274159740e-03-3.261584338545367185e-03j), (4.376493527448795974e-03+3.279417020157274036e-03j), (-4.186108333817451996e-03+4.128652276082628129e-03j), (-5.669724836890471971e-03-9.317810325532729183e-04j), (1.498159608873374238e-03-3.837079416614656586e-03j), (5.731429474501231400e-03-9.467685201498618345e-04j), (9.868106286887365613e-04+2.800327667806098205e-03j), (-4.869982358167377831e-03+2.060175378356032296e-03j), (-2.940406586335135401e-03-1.393032917598573291e-03j), (3.393447513725349109e-03-2.385380407092080410e-03j), (4.096812172875519478e-03+2.890029365344986157e-05j), (-1.479948581492599325e-03+2.026129564651172384e-03j), (-4.529011801345763505e-03+9.774445613426646813e-04j), (-4.458603360385228172e-04-1.200880625248253218e-03j), (4.189126923004308015e-03-1.455790609559931819e-03j), (2.141315205113075368e-03+2.083411457854359859e-04j), (-3.186019725228232072e-03+1.371945677543451748e-03j), (-3.398701048364398923e-03+6.521058483577957341e-04j), (1.692355417838276987e-03-8.250597671416724007e-04j), (4.103640392383047474e-03-1.135588676022575034e-03j)
 (-1.050663000282830994e-02-1.185548470602407617e-01j), (-1.459039311711294584e-01-9.379498963820523394e-03j), (1.381933665046704285e-01+3.217726186568306557e-01j), (3.040815855804566703e-01-4.830748466422568610e-01j), (1.092655314061318772e-01+3.026694078853831571e-01j), (-1.669901289844398784e-01-6.384244740427952314e-03j), (1.321933341901912473e-02-8.676642711360874061e-02j), (5.331928365793918434e-02+4.180006935065906648e-04j), (4.963571784314104937e-03+3.714419301537907891e-02j), (-2.808284890788093069e-02+9.985442005483480613e-03j), (-1.069794631325480042e-02-1.978751270626514375e-02j), (1.560819142941724871e-02-1.270963965018946824e-02j), (1.232981251363054337e-02+9.481493842127052679e-03j), (-7.581772285682682883e-03+1.246701582629772612e-02j), (-1.186803709247064367e-02-2.649624201678078481e-03j), (1.934341631298062449e-03-1.047128177293209748e-02j), (1.019360788875649758e-02-1.893453879301074463e-03j), (1.953328117808703166e-03+7.604189613105814295e-03j), (-7.771430755358438303e-03+4.493454779331718107e-03j), (-4.423093039282086601e-03-4.419422103220715936e-03j), (5.025772382894347703e-03-5.467777974580693978e-03j), (5.700348444919458094e-03+1.402526864777445693e-03j), (-2.370471493184963217e-03+5.180162358570111411e-03j), (-5.849847860954743295e-03+1.016407563556511774e-03j), (-8.845720834360225500e-05-3.983857914108769951e-03j), (5.245608440040216633e-03-2.588618239593257989e-03j), (2.027144508448008343e-03+2.264738401358936185e-03j), (-4.037305261711626042e-03+3.271078285694465661e-03j), (-3.353517506898362130e-03-4.846350686883058815e-04j), (2.433072645744367365e-03-3.083344418840019974e-03j), (4.101319047034712034e-03-1.025947316925084844e-03j), (-7.815629701653389839e-04+2.225905738379608135e-03j), (-4.150145302089034392e-03+2.010626296246675795e-03j), (-8.349889673941226489e-04-9.850399916779845749e-04j), (3.657780056355413190e-03-2.336469301250633686e-03j), (2.187459506883664920e-03-3.183658236853149741e-04j), (-2.690829515060991738e-03+2.011538938528038487e-03j), (-3.186019725220468751e-03+1.371945677535933890e-03j), (1.433443671798703646e-03-1.151091944390565669e-03j), (3.694022833958238335e-03-1.962484553002291545e-03j)
 (7.403513860945817870e-02-2.278942571782875681e-02j), (1.730004005603967554e-02-7.104713939119965127e-02j), (-1.789597525399831968e-01+1.995024850075857725e-02j), (1.092655314061188460e-01+3.026694078853680026e-01j), (3.160512091360000997e-01-5.094093398834328434e-01j), (1.341126598676849468e-01+3.060533309344466435e-01j), (-1.666197861226706989e-01+1.382792744748363722e-02j), (-5.543058218533548909e-03-8.141065404485146872e-02j), (4.595228970161537030e-02-1.280398371233717331e-02j), (1.710872374558409376e-02+2.772019496276567629e-02j), (-1.744762993941684562e-02+1.662010781439653140e-02j), (-1.659802258493809149e-02-9.621716929329657275e-03j), (4.387851269873810703e-03-1.386747741490515148e-02j), (1.297909136908117697e-02+7.342988474055272413e-04j), (2.304684493050372217e-03+9.740890414997122049e-03j), (-8.568783748776459194e-03+3.462319189428718965e-03j), (-5.413665838521361517e-03-5.617794792755334207e-03j), (4.373721205903654055e-03-4.930543273228798866e-03j), (6.212125929185227657e-03+2.215243705667853565e-03j), (-8.743038887831255414e-04+4.698017802331999962e-03j), (-5.519991714628704436e-03+2.446891000935859546e-04j), (-1.721192637737948899e-03-3.567032636160549081e-03j), (4.036608917780131964e-03-1.709717847759346151e-03j), (3.210796135357761160e-03+2.128085477019963506e-03j), (-2.102399029784104024e-03+2.264868740586812538e-03j), (-3.792742174396893616e-03-7.723509926116322016e-04j), (2.214925496413545653e-04-2.117867621701657009e-03j), (3.543609359713728937e-03-2.800720456885511661e-04j), (1.336173970367722768e-03+1.580766784457021852e-03j), (-2.645645973584152388e-03+8.747980214840610398e-04j), (-2.445302497304318277e-03-8.863389741271409002e-04j), (1.431122326451863755e-03-1.041450585322176983e-03j), (2.912459863766191440e-03+2.634211853586115003e-04j), (-4.650490967703563077e-05+8.750376202468388657e-04j), (-2.836656383523236940e-03+1.523847942005087264e-04j), (-1.174364663815402176e-03-5.332715085229636307e-04j), (2.187459506885312040e-03-3.183658236819448401e-04j), (2.141315205109625003e-03+2.083411457800014768e-04j), (-1.184352309103631640e-03+2.345208916798304476e-04j), (-2.670196720585181916e-03-1.550326837991490743e-05j)
 (2.780667005885380932e-02+4.750770766902656650e-02j), (4.097931724062246067e-02+6.540321746759402560e-03j), (-1.162779504252131439e-02-9.015035016265791901e-02j), (-1.669901289844432646e-01-6.384244740423303255e-03j), (1.341126598676831150e-01+3.060533309344279362e-01j), (3.164215519977580104e-01-4.891971676955156889e-01j), (1.153502682301393162e-01+3.114091040032012092e-01j), (-1.739867800790000640e-01+6.059430416371497374e-04j), (6.602093742746378141e-03-9.083465209745489322e-02j), (5.658750867006365204e-02-6.169317903437641221e-03j), (1.120864747391919422e-02+3.788599073970467385e-02j), (-2.866797009897478418e-02+1.546227004969529840e-02j), (-1.594874372948524438e-02-1.836891192407462750e-02j), (1.427430804862034330e-02-1.659360282619066346e-02j), (1.627834471275349873e-02+6.846242238508244184e-03j), (-5.043322976754138764e-03+1.459437739518460245e-02j), (-1.438867043162122585e-02+4.252297954729787784e-04j), (-1.154868027167832304e-03-1.100674070015881037e-02j), (1.127084807250023669e-02-4.725980250249103842e-03j), (5.115227253827395702e-03+6.879354908983616526e-03j), (-7.621268909408515993e-03+6.598763140758015164e-03j), (-7.183731241767709642e-03-2.867555612445161356e-03j), (3.860074990793961863e-03-6.619109517716055546e-03j), (7.784057748967005211e-03-4.612566707206029216e-04j), (-4.934888307061647064e-04+5.339592398512545655e-03j), (-7.126514920177988086e-03+2.735619358475497448e-03j), (-2.276277323142077928e-03-3.317161439652803641e-03j), (5.594971781744013939e-03-3.808179122943948502e-03j), (4.251480893001205290e-03+1.079361044489440379e-03j), (-3.542201172662046149e-03+3.777772229157999422e-03j), (-5.315842694175709413e-03+8.592947531014594794e-04j), (1.248720336631533668e-03-2.848823527161705674e-03j), (5.534762718860930346e-03-2.177039261307890661e-03j), (9.107924476401741722e-04+1.400845971220523664e-03j), (-4.878649629849280897e-03+2.678235412987035359e-03j), (-2.836656383523767332e-03+1.523847941974150640e-04j), (3.657780056360933514e-03-2.336469301267155192e-03j), (4.189126922998606846e-03-1.455790609536707775e-03j), (-1.962325187276818192e-03+1.343929821777709033e-03j), (-4.878375143057233493e-03+2.197005444698320840e-03j)
 (-3.305582136884072791e-02+2.932974746459629869e-02j), (-1.121165039708315117e-03+2.840449689756506177e-02j), (5.294894079617633309e-02-1.979417149442745313e-02j), (1.321933341902658404e-02-8.676642711359536242e-02j), (-1.666197861226844101e-01+1.382792744749675173e-02j), (1.153502682301539434e-01+3.114091040031793933e-01j), (3.090545580414095217e-01-5.024191521013554595e-01j), (1.274954201914316188e-01+3.019851059505812563e-01j), (-1.633515611105616494e-01+7.240608850557224418e-03j), (7.020174710907559068e-04-8.066885632053338862e-02j), (4.536716851049525656e-02-7.327155668127723412e-03j), (1.185792632938592606e-02+2.913879574495508579e-02j), (-1.878151332024523626e-02+1.273614463840631698e-02j), (-1.264949038579814972e-02-1.225696853296335057e-02j), (6.926300578808032571e-03-1.174011584600985307e-02j), (1.045845802991431615e-02+3.809152844554012773e-03j), (-7.845251654057506206e-04+9.205431487779242375e-03j), (-7.491543565019692305e-03+6.297928184525710196e-04j), (-2.251766702532810235e-03-6.342629496839073157e-03j), (4.523883051886856167e-03-2.825234911831893229e-03j), (3.451487726674565618e-03+3.767110196455367328e-03j), (-2.040001280869745918e-03+3.546686259189787103e-03j), (-3.436282410579561807e-03-1.619094435397315382e-03j), (1.557900247244965904e-04-3.407602596223439570e-03j), (2.759941858578131464e-03+9.493947159306889705e-06j), (1.022976020546217816e-03+2.794781951482413779e-03j), (-1.753035688076292568e-03+1.045307857224746359e-03j), (-1.568405789852699451e-03-1.957728349470619269e-03j), (7.165966387154386200e-04-1.611173678240685435e-03j), (1.581284172405514419e-03+1.063857776098922191e-03j), (1.518216612820076769e-04+1.815287676133568468e-03j), (-1.212202301783412393e-03-2.762939228903855786e-04j), (-7.529470794726525387e-04-1.711398741303400868e-03j), (7.026179986718360899e-04-3.738414685605826143e-04j), (9.107924476449385902e-04+1.400845971211417016e-03j), (-4.650490967334701235e-05+8.750376202484419670e-04j), (-8.349889674085432967e-04-9.850399916705731857e-04j), (-4.458603360295366243e-04-1.200880625249239842e-03j), (4.951040890494166121e-04+5.066939434651229843e-04j), (7.078715333063088358e-04+1.359433090164654991e-03j)
 (-2.892783509854531671e-02-1.910321077145796589e-02j), (-2.108619781330467111e-02+2.995254223405050247e-03j), (2.372596342184107865e-02+3.178841994662867654e-02j), (5.331928365794970370e-02+4.180006934949177105e-04j), (-5.543058218518180993e-03-8.141065404484140733e-02j), (-1.739867800790250163e-01+6.059430416471313363e-04j), (1.274954201914395291e-01+3.019851059505683777e-01j), (3.196897770098593994e-01-4.957844862924343787e-01j), (1.215953439197616781e-01+3.121509017274947673e-01j), (-1.745719012701172079e-01+6.082771085877465567e-03j), (1.351296326542503201e-03-8.941605131528651551e-02j), (5.525362528923745409e-02-1.005328107942600989e-02j), (1.515717967307178560e-02+3.525073913608626347e-02j), (-2.612952079007019660e-02+1.758963161857103955e-02j), (-1.846937706861887657e-02-1.529405792690994442e-02j), (1.118509839014081297e-02-1.712906175342937543e-02j), (1.735558489651917169e-02+4.013715867557630934e-03j), (-1.881423840756860305e-03+1.386954269107731029e-02j), (-1.423850858565662084e-02+2.530538156877765264e-03j), (-3.915506229668429261e-03-9.454874209364290058e-03j), (1.010515068042116063e-02-5.877311793408408931e-03j), (7.198936557857166241e-03+5.015571373509359644e-03j), (-5.744286246928555217e-03+6.758193180685696452e-03j), (-8.460398300979943276e-03-1.148343817526507882e-03j), (1.672254875986792840e-03-5.952413043248951444e-03j), (8.133421090668309719e-03-1.680817554085925177e-03j), (1.730847553855120171e-03+4.154215041655437077e-03j), (-6.631410831133265418e-03+3.242313301935351427e-03j), (-4.238602510421228889e-03-1.973231617871336763e-03j), (4.410619472641606580e-03-3.573658231252233031e-03j), (5.684924564805963337e-03-7.173089990338053865e-05j), (-1.849845754824538079e-03+2.952712462001492316e-03j), (-6.044347021973538701e-03+1.526903869847948472e-03j), (-7.529470794660764188e-04-1.711398741299797414e-03j), (5.534762718845542481e-03-2.177039261311965960e-03j), (2.912459863763874716e-03+2.634211853574240821e-04j), (-4.150145302069916872e-03+2.010626296259938623e-03j), (-4.529011801351590441e-03+9.774445613247807665e-04j), (2.224336384549841991e-03-1.185377356848429540e-03j), (5.373479232108123102e-03-1.690311501244602145e-03j)
 (1.196962355553760245e-02-2.633449324119695178e-02j), (-4.080706636991833329e-03-1.571928772238760999e-02j), (-2.071585495154066800e-02+2.320742641132531037e-02j), (4.963571784301642684e-03+3.714419301538107732e-02j), (4.595228970161363558e-02-1.280398371235532025e-02j), (6.602093742754937267e-03-9.083465209744705227e-02j), (-1.633515611105569865e-01+7.240608850559937526e-03j), (1.215953439197520608e-01+3.121509017274938791e-01j), (3.084694368503166362e-01-4.969423240571314571e-01j), (1.222446227752061187e-01+3.034037067327606807e-01j), (-1.646854444913633253e-01+3.356645674566005599e-03j), (4.650549670214020048e-03-8.330410792415246513e-02j), (4.790561781942628827e-02-5.199794099258463198e-03j), (9.337292990237855764e-03+3.221364974213324073e-02j), (-2.187072297872594620e-02+1.220068571115887068e-02j), (-1.157225020202065809e-02-1.508949490390645333e-02j), (1.008819971478824330e-02-1.246495055013335275e-02j), (1.060861987588128386e-02+5.914461205982443973e-03j), (-3.545163367880306560e-03+1.075729797855461828e-02j), (-8.657240957138883850e-03-5.215387246944990646e-04j), (-1.680573984736630222e-04-8.206413032318136958e-03j), (6.400865714359573605e-03-2.665804871904403628e-03j), (2.174820667456370607e-03+5.486321991373632224e-03j), (-4.227821395666190446e-03+4.213382733663457134e-03j), (-3.086919068892384453e-03-2.838655318767256772e-03j), (2.380126409303062567e-03-4.592979953087706485e-03j), (3.255045947602483274e-03+5.161878906351057960e-04j), (-9.393491667095039705e-04+4.138711773252549443e-03j), (-2.937387997205622402e-03+1.279828748920310748e-03j), (-1.349621180212565857e-04-3.108820293865759837e-03j), (2.408952056526524575e-03-2.436233445397599333e-03j), (8.527798446308447727e-04+1.731466892847155232e-03j), (-1.849845754832677835e-03+2.952712462001605507e-03j), (-1.212202301789842146e-03-2.762939229102161242e-04j), (1.248720336649530339e-03-2.848823527144106037e-03j), (1.431122326447817296e-03-1.041450585316015896e-03j), (-7.815629701771391151e-04+2.225905738375387119e-03j), (-1.479948581492310927e-03+2.026129564636167894e-03j), (3.493633417089253655e-04-1.219560883366927525e-03j), (1.516464851241276822e-03-2.544810447020846335e-03j)
 (2.484712846154308458e-02+3.383923049066383387e-03j), (1.233996641731455526e-02-6.122321053277354763e-03j), (-2.284309827453899489e-02-1.036351465363090016e-02j), (-2.808284890787836330e-02+9.985442005477558267e-03j), (1.710872374558817730e-02+2.772019496276410463e-02j), (5.658750867006162588e-02-6.169317903428946787e-03j), (7.020174710827761788e-04-8.066885632053413802e-02j), (-1.745719012701059669e-01+6.082771085872448746e-03j), (1.222446227752015391e-01+3.034037067327559622e-01j), (3.183558936290609154e-01-4.996684494684457412e-01j), (1.255438761188893415e-01+3.095156501238944813e-01j), (-1.720334519611856905e-01+8.210132654743892977e-03j), (-1.169337012612771398e-03-8.634119731811878973e-02j), (5.216441563077742899e-02-1.058874000665850981e-02j), (1.623441985681575717e-02+3.241821276512218963e-02j), (-2.296762165405716663e-02+1.686479691447323806e-02j), (-1.831921522266313079e-02-1.318874956549732740e-02j), (8.424460187653670315e-03-1.557719526264768686e-02j), (1.618988750441474611e-02+2.862384324407421868e-03j), (2.022854633013269551e-04+1.200575915559605814e-02j), (-1.236152592319291442e-02+2.689968196818128682e-03j), (-5.192173288873671091e-03-7.735662414458203788e-03j), (7.917330565611613302e-03-5.210615318931910434e-03j), (7.548299899559254844e-03+3.796010490140024323e-03j), (-3.519949862363011377e-03+5.572815823825329196e-03j), (-7.965294211948747982e-03-6.416498740527869574e-04j), (-2.900703112756544688e-04-4.608483221484528658e-03j), (6.949068781556102040e-03-1.446296662385665975e-03j), (3.164291225661910231e-03+3.003123097266099158e-03j), (-4.939055413303295589e-03+2.417253534765433608e-03j), (-4.967106838201550481e-03-1.305622501107360023e-03j), (2.408952056523865678e-03-2.436233445406100345e-03j), (5.684924564808720680e-03-7.173089990057581605e-05j), (1.518216612830716045e-04+1.815287676146795951e-03j), (-5.315842694181611809e-03+8.592947530933294810e-04j), (-2.445302497297871611e-03-8.863389741301470675e-04j), (4.101319047031372692e-03-1.025947316939978095e-03j), (4.096812172878796371e-03+2.890029368958968101e-05j), (-2.187820114801270529e-03+6.666964744554650839e-04j), (-5.024115890395650444e-03+4.707506178842171297e-04j)
 (3.703428617671897932e-04+2.021217218793679160e-02j), (6.084736824002876660e-03+8.739696117816060650e-03j), (4.972972460981215856e-03-1.934430545913000746e-02j), (-1.069794631325929508e-02-1.978751270625335457e-02j), (-1.744762993943735005e-02+1.662010781441611643e-02j), (1.120864747393848782e-02+3.788599073967668235e-02j), (4.536716851048810950e-02-7.327155668119974402e-03j), (1.351296326547887783e-03-8.941605131528440609e-02j), (-1.646854444913699589e-01+3.356645674579064598e-03j), (1.255438761188903962e-01+3.095156501238759961e-01j), (3.110078861592297517e-01-4.948149624882587361e-01j), (1.197239894360758172e-01+3.064785607299195247e-01j), (-1.677746541498514321e-01+2.821186747343773504e-03j), (5.727789853981840595e-03-8.613663429512115333e-02j), (5.106751695543564756e-02-5.924628803347951889e-03j), (9.487454836174321823e-03+3.431895810352394299e-02j), (-2.463136118118465501e-02+1.375255220196184430e-02j), (-1.273794759413484842e-02-1.624082644706560316e-02j), (1.217190901882650444e-02-1.432873408561221792e-02j), (1.248560253837918514e-02+6.073891245917322629e-03j), (-4.821830427116720504e-03+1.247650977346447670e-02j), (-1.084506107193172753e-02+1.451577497810843664e-04j), (1.813059432270594865e-04-9.425973915683607748e-03j), (8.625202098908758136e-03-3.851182228771760519e-03j), (2.669924756514913816e-03+5.993015934848283828e-03j), (-6.190146582952679721e-03+5.557312555439231951e-03j), (-4.271271377987575363e-03-2.604134427080958408e-03j), (3.813570081088595975e-03-5.744071897471125093e-03j), (4.947401365464672990e-03-3.088718765339266634e-04j), (-1.667853494521691132e-03+4.806320890013801583e-03j), (-4.939055413297678554e-03+2.417253534770940487e-03j), (-1.349621180416478265e-04-3.108820293865758103e-03j), (4.410619472654694201e-03-3.573658231258811102e-03j), (1.581284172417831823e-03+1.063857776108501118e-03j), (-3.542201172672758067e-03+3.777772229155171822e-03j), (-2.645645973593243640e-03+8.747980214776213126e-04j), (2.433072645751511390e-03-3.083344418836806398e-03j), (3.393447513732211675e-03-2.385380407090359131e-03j), (-1.276667059226243477e-03+1.719211794914939214e-03j), (-3.704284966049621337e-03+3.211506921486487632e-03j)
 (-1.876239163752688871e-02+5.355773068735114259e-03j), (-6.996651094584800494e-03+6.990187782086726247e-03j), (1.822988878529496412e-02-6.843019347980167782e-04j), (1.560819142942231758e-02-1.270963965019092194e-02j), (-1.659802258492142427e-02-9.621716929338776716e-03j), (-2.866797009899269694e-02+1.546227004969928306e-02j), (1.185792632938823671e-02+2.913879574496132038e-02j), (5.525362528923383199e-02-1.005328107942967536e-02j), (4.650549670228217025e-03-8.330410792415868237e-02j), (-1.720334519611911861e-01+8.210132654753343751e-03j), (1.197239894360662832e-01+3.064785607299152503e-01j), (3.152666839705736690e-01-5.002039083956665300e-01j), (1.266211163026624842e-01+3.066831237529243914e-01j), (-1.688715528251952536e-01+7.485297950640346087e-03j), (-1.019175166643529473e-03-8.423588895670358623e-02j), (4.940377742828795660e-02-9.036873515870319507e-03j), (1.506872246470852134e-02+3.126688122196390196e-02j), (-2.088391235000188265e-02+1.500101337899329562e-02j), (-1.644223256018560730e-02-1.302931952555603547e-02j), (7.147793128421407564e-03-1.385798346773896988e-02j), (1.400206738963243568e-02+3.529080798873625649e-03j), (5.516488049840083396e-04+1.078619827224268531e-02j), (-1.013718953862570611e-02+1.504590839945925407e-03j), (-4.697069199824679270e-03-7.228968470981612764e-03j), (5.955005378322672863e-03-3.866685497163325613e-03j), (6.363947590469203053e-03+4.030531381833169641e-03j), (-2.086506190571262020e-03+4.421723879442505598e-03j), (-6.272938794103274061e-03-1.466709641219728424e-03j), (-1.018574639068704595e-03-3.940874104737648702e-03j), (4.947401365446569416e-03-3.088718765150099375e-04j), (3.164291225649082818e-03+3.003123097247716294e-03j), (-2.937387997167981504e-03+1.279828748925737614e-03j), (-4.238602510425371409e-03-1.973231617864566571e-03j), (7.165966386843064051e-04-1.611173678245277465e-03j), (4.251480893010362895e-03+1.079361044486872772e-03j), (1.336173970386095658e-03+1.580766784456827997e-03j), (-3.353517506895001537e-03-4.846350686714057717e-04j), (-2.940406586360837932e-03-1.393032917624761977e-03j), (1.876982662482255815e-03+1.594300399521945575e-04j), (3.747448831180494235e-03+1.248461177028832320e-03j)
 (-7.366993956344402607e-03-1.322198440584953713e-02j), (-6.617239676239386123e-03-4.068224983871162118e-03j), (3.638567873854543083e-03+1.362485359101426804e-02j), (1.232981251363258167e-02+9.481493842121458196e-03j), (4.387851269878406853e-03-1.386747741490755234e-02j), (-1.594874372949076427e-02-1.836891192405143425e-02j), (-1.878151332023016151e-02+1.273614463838291903e-02j), (1.515717967305582094e-02+3.525073913609404197e-02j), (4.790561781942628827e-02-5.199794099267296410e-03j), (-1.169337012610377480e-03-8.634119731810185883e-02j), (-1.677746541498347788e-01+2.821186747331116962e-03j), (1.266211163026409459e-01+3.066831237529249465e-01j), (3.141697852952448633e-01-4.955397971923641842e-01j), (1.198741512820219873e-01+3.085838690913348392e-01j), (-1.705352923523359987e-01+4.373053238118651542e-03j), (4.562092461893776929e-03-8.728796583825693123e-02j), (5.315122625946484131e-02-7.788412338844717675e-03j), (1.136443749865847890e-02+3.447838814347214953e-02j), (-2.590802824039776728e-02+1.547176399686808757e-02j), (-1.492576770894848276e-02-1.557412997259692393e-02j), (1.252127236053928415e-02-1.554829496896625168e-02j), (1.470993892293161187e-02+4.888513889045056904e-03j), (-4.326726338068797272e-03+1.298320371693284861e-02j), (-1.280738625920938359e-02+1.489087571561939320e-03j), (-1.003046365876497995e-03-9.191453023991614721e-03j), (1.005864577071881490e-02-5.002274173171770456e-03j), (4.362280174335654050e-03+5.167956167698338314e-03j), (-6.918650910717691511e-03+6.224921672181557390e-03j), (-6.272938794127895859e-03-1.466709641210657555e-03j), (3.813570081111215468e-03-5.744071897491042321e-03j), (6.949068781565013314e-03-1.446296662376200890e-03j), (-9.393491667271031739e-04+4.138711773260791982e-03j), (-6.631410831145774509e-03+3.242313301932143489e-03j), (-1.568405789825783265e-03-1.957728349481229705e-03j), (5.594971781745853613e-03-3.808179122944342285e-03j), (3.543609359694381566e-03-2.800720456741778979e-04j), (-4.037305261713331275e-03+3.271078285688565433e-03j), (-4.869982358150422644e-03+2.060175378350998128e-03j), (2.083709304050805795e-03-1.863783535489464118e-03j), (5.581267628525076602e-03-3.052076881550722098e-03j)
 (1.214515196127358143e-02-9.423998052602361106e-03j), (3.268225012112873674e-03-6.587318596925267888e-03j), (-1.251731594791667332e-02+6.097570793050344218e-03j), (-7.581772285679768547e-03+1.246701582629843215e-02j), (1.297909136906735990e-02+7.342988473942237831e-04j), (1.427430804861866236e-02-1.659360282619012222e-02j), (-1.264949038579616172e-02-1.225696853295803537e-02j), (-2.612952079005063585e-02+1.758963161857484206e-02j), (9.337292990215732835e-03+3.221364974212942434e-02j), (5.216441563078359767e-02-1.058874000666827284e-02j), (5.727789853973312695e-03-8.613663429510863556e-02j), (-1.688715528251799325e-01+7.485297950639999143e-03j), (1.198741512820151733e-01+3.085838690913295101e-01j), (3.125060457680995940e-01-4.986520419048721120e-01j), (1.254554189105515638e-01+3.055317922097646743e-01j), (-1.667878435211454791e-01+5.621514415152656374e-03j), (8.578074958369916181e-04-8.407645891675050165e-02j), (4.812711036906263534e-02-7.317661720972153117e-03j), (1.288090234990996348e-02+3.193357769643603156e-02j), (-2.053454900829417354e-02+1.378145249563467699e-02j), (-1.421789617564006222e-02-1.421469688242420724e-02j), (7.642897217482846027e-03-1.335128952427078186e-02j), (1.203974220234301819e-02+4.873010620655695777e-03j), (-6.327035041119311032e-04+1.102071916392136433e-02j), (-8.703745866821727822e-03+3.534988955643334624e-04j), (-3.004713782005593962e-03-8.054028238140272661e-03j), (5.226501050564449913e-03-3.199076380418717711e-03j), (4.362280174327370745e-03+5.167956167691207733e-03j), (-2.086506190557281017e-03+4.421723879449063720e-03j), (-4.271271377997667984e-03-2.604134427091398408e-03j), (-2.900703112683664618e-04-4.608483221466371307e-03j), (3.255045947596086481e-03+5.161878906248076101e-04j), (1.730847553854634449e-03+4.154215041651452417e-03j), (-1.753035688070172897e-03+1.045307857222946800e-03j), (-2.276277323144036864e-03-3.317161439633435020e-03j), (2.214925496447537560e-04-2.117867621714325695e-03j), (2.027144508432866810e-03+2.264738401344253919e-03j), (9.868106287076799585e-04+2.800327667830486682e-03j), (-1.165697392110528986e-03-1.151331543159817917e-03j), (-1.663739527132415859e-03-3.112244712512858731e-03j)
 (1.063521896845541839e-02+6.634665808931317424e-03j), (6.245075689602080406e-03+7.417977243080191470e-04j), (-7.952115147425942165e-03-7.745156361632975738e-03j), (-1.186803709248416758e-02-2.649624201680457654e-03j), (2.304684493058309011e-03+9.740890415020072440e-03j), (1.627834471277985959e-02+6.846242238479251750e-03j), (6.926300578774548938e-03-1.174011584598953252e-02j), (-1.846937706862306072e-02-1.529405792693030487e-02j), (-2.187072297869909615e-02+1.220068571118703739e-02j), (1.623441985681132321e-02+3.241821276510215705e-02j), (5.106751695542040281e-02-5.924628803342570776e-03j), (-1.019175166637499574e-03-8.423588895670752752e-02j), (-1.705352923523356656e-01+4.373053238125257369e-03j), (1.254554189105532291e-01+3.055317922097658956e-01j), (3.162534945992874214e-01-4.974035807278383570e-01j), (1.217511339444875829e-01+3.087432991312665798e-01j), (-1.718119594115382065e-01+6.092265033029550803e-03j), (2.374272347087626189e-03-8.662126936378942987e-02j), (5.350058960115321172e-02-9.007973222202411701e-03j), (1.358877388323795343e-02+3.329301078660597962e-02j), (-2.541292415137047858e-02+1.597845794033455821e-02j), (-1.688809289621600457e-02-1.423020015082262016e-02j), (1.133692005143223554e-02-1.531377407726912561e-02j), (1.614338259473345125e-02+3.737421944653196264e-03j), (-2.634370920236192397e-03+1.215814394976616995e-02j), (-1.353589058698769637e-02+2.156696688328452009e-03j), (-3.004713782001147866e-03-8.054028238151525812e-03j), (1.005864577071601332e-02-5.002274173156715659e-03j), (6.363947590468037319e-03+4.030531381819938037e-03j), (-6.190146582950376009e-03+5.557312555462676738e-03j), (-7.965294211954016337e-03-6.416498740793434054e-04j), (2.380126409303706583e-03-4.592979953084972561e-03j), (8.133421090681249022e-03-1.680817554077367569e-03j), (1.022976020530338591e-03+2.794781951493023782e-03j), (-7.126514920176697451e-03+2.735619358455598869e-03j), (-3.792742174391572352e-03-7.723509926105863801e-04j), (5.245608440055789246e-03-2.588618239583409530e-03j), (5.731429474474216551e-03-9.467685201506783471e-04j), (-2.760638202476305408e-03+1.551866490788556549e-03j), (-6.746965020631804158e-03+1.900745338404180237e-03j)
 (-5.900076271666158077e-03+1.016579577689954300e-02j), (-5.851211911002351072e-04+5.476828044228870124e-03j), (6.894354545057520926e-03-8.005397270417543426e-03j), (1.934341631300497133e-03-1.047128177291854409e-02j), (-8.568783748780006704e-03+3.462319189419845854e-03j), (-5.043322976766303513e-03+1.459437739518756882e-02j), (1.045845802993379189e-02+3.809152844549480374e-03j), (1.118509839013936275e-02-1.712906175341436313e-02j), (-1.157225020203233277e-02-1.508949490392741052e-02j), (-2.296762165406347062e-02+1.686479691448619991e-02j), (9.487454836197731917e-03+3.431895810352054987e-02j), (4.940377742827878338e-02-9.036873515865573303e-03j), (4.562092461883902883e-03-8.728796583826448074e-02j), (-1.667878435211442856e-01+5.621514415147785271e-03j), (1.217511339445013496e-01+3.087432991312823449e-01j), (3.112293787088811214e-01-4.969328301099712464e-01j), (1.232675987957428804e-01+3.061984886842304965e-01j), (-1.664384801794434043e-01+4.401953531805849473e-03j), (3.082143880406021386e-03-8.526183627362901585e-02j), (4.862221445808773829e-02-6.810967777495957609e-03j), (1.091857716265553363e-02+3.327750751820880704e-02j), (-2.171890131742005431e-02+1.401597338733027304e-02j), (-1.278445250382219053e-02-1.536578882682216457e-02j), (9.335252635305543029e-03-1.417634929141961021e-02j), (1.131123787457031897e-02+5.540619737399939820e-03j), (-2.634370920231427111e-03+1.215814394977469265e-02j), (-8.703745866833645373e-03+3.534988955724528356e-04j), (-1.003046365869607673e-03-9.191453024001958877e-03j), (5.955005378334085608e-03-3.866685497170853879e-03j), (2.669924756505927515e-03+5.993015934859241209e-03j), (-3.519949862375357404e-03+5.572815823827253004e-03j), (-3.086919068879502397e-03-2.838655318772753677e-03j), (1.672254875994827212e-03-5.952413043250804128e-03j), (2.759941858564394189e-03+9.493947161885556152e-06j), (-4.934888307115497218e-04+5.339592398510469191e-03j), (-2.102399029773870023e-03+2.264868740591128096e-03j), (-8.845720833871553897e-05-3.983857914108714440e-03j), (1.498159608863820682e-03-3.837079416626413674e-03j), (1.501618459546320838e-04+2.105308361416627708e-03j), (-1.096898675343441773e-03+4.664111203299237118e-03j)
 (-1.122034015955378564e-02-1.157837764698444426e-03j), (-5.250797416213088056e-03+1.418600782183015736e-03j), (9.301335587627211632e-03+2.750702632923724984e-03j), (1.019360788876127848e-02-1.893453879306647263e-03j), (-5.413665838519703989e-03-5.617794792754204035e-03j), (-1.438867043163631794e-02+4.252297954977111646e-04j), (-7.845251653904499259e-04+9.205431487752067932e-03j), (1.735558489651440120e-02+4.013715867561010175e-03j), (1.008819971478707583e-02-1.246495055013027188e-02j), (-1.831921522266104913e-02-1.318874956548562669e-02j), (-2.463136118119022000e-02+1.375255220194706446e-02j), (1.506872246470749785e-02+3.126688122196525504e-02j), (5.315122625947801133e-02-7.788412338836377125e-03j), (8.578074958296294517e-04-8.407645891675316618e-02j), (-1.718119594115544435e-01+6.092265033016339149e-03j), (1.232675987957631975e-01+3.061984886842493148e-01j), (3.166028579409731480e-01-4.986231416112053560e-01j), (1.239754703290579935e-01+3.075579217744016103e-01j), (-1.713168553224986845e-01+6.598958976501492768e-03j), (4.119471598079266217e-04-8.527733954201627276e-02j), (5.231623729205715778e-02-8.773452330508444558e-03j), (1.502221755503354433e-02+3.214191884221619111e-02j), (-2.372056873353512937e-02+1.515339817317075052e-02j), (-1.761659722399359224e-02-1.356259103407323960e-02j), (9.335252635312712641e-03-1.417634929139774923e-02j), (1.614338259473153958e-02+3.737421944629557187e-03j), (-6.327035041115538008e-04+1.102071916392425785e-02j), (-1.280738625920914073e-02+1.489087571567772328e-03j), (-4.697069199834859494e-03-7.228968470969195613e-03j), (8.625202098915020488e-03-3.851182228801708785e-03j), (7.548299899571335458e-03+3.796010490162734889e-03j), (-4.227821395677403699e-03+4.213382733660146415e-03j), (-8.460398301000874449e-03-1.148343817533480603e-03j), (1.557900247564371864e-04-3.407602596223025838e-03j), (7.784057748969015755e-03-4.612566707124943904e-04j), (3.210796135334729670e-03+2.128085477007966159e-03j), (-5.849847860960166041e-03+1.016407563560531562e-03j), (-5.669724836860757892e-03-9.317810325513765403e-04j), (3.161899135999693845e-03-7.248347041018173703e-04j), (6.897126866582861844e-03+2.045630229983957764e-04j)
 (6.492788554534690074e-04-8.747194994722857705e-03j), (-1.333883380819105968e-03-3.883963176002557839e-03j), (-1.951544072524184076e-03+7.530544173298106894e-03j), (1.953328117816414446e-03+7.604189613092185440e-03j), (4.373721205912415276e-03-4.930543273247238109e-03j), (-1.154868027163486605e-03-1.100674070015769668e-02j), (-7.491543565036092381e-03+6.297928184678361525e-04j), (-1.881423840753421867e-03+1.386954269107898083e-02j), (1.060861987588529280e-02+5.914461205971062452e-03j), (8.424460187667924538e-03-1.557719526264905036e-02j), (-1.273794759415454100e-02-1.624082644705581585e-02j), (-2.088391235000162591e-02+1.500101337898668979e-02j), (1.136443749867265852e-02+3.447838814346766007e-02j), (4.812711036905559930e-02-7.317661720954125870e-03j), (2.374272347087681700e-03-8.662126936380287745e-02j), (-1.664384801794467350e-01+4.401953531791000240e-03j), (1.239754703290609772e-01+3.075579217744253135e-01j), (3.117244827979251398e-01-4.964261361665223693e-01j), (1.213052736084662270e-01+3.075424185060311455e-01j), (-1.676228324885362664e-01+4.636474423477310314e-03j), (4.515587552183446263e-03-8.641292821801044299e-02j), (5.031456987594828956e-02-7.636027544658152005e-03j), (1.019007283485716397e-02+3.394511663496387055e-02j), (-2.372056873352278508e-02+1.515339817318399514e-02j), (-1.278445250383831132e-02-1.536578882683139503e-02j), (1.133692005142911303e-02-1.531377407726496574e-02j), (1.203974220236264658e-02+4.873010620652526437e-03j), (-4.326726338072589377e-03+1.298320371692398070e-02j), (-1.013718953863993952e-02+1.504590839968786460e-03j), (1.813059432348588032e-04-9.425973915694493138e-03j), (7.917330565614989074e-03-5.210615318949561245e-03j), (2.174820667460428125e-03+5.486321991399208120e-03j), (-5.744286246934618943e-03+6.758193180686858717e-03j), (-3.436282410585738290e-03-1.619094435418030583e-03j), (3.860074990799575861e-03-6.619109517712394412e-03j), (4.036608917790587142e-03-1.709717847746494669e-03j), (-2.370471493198502734e-03+5.180162358568746184e-03j), (-4.186108333816892547e-03+4.128652276074873048e-03j), (1.077240183759374179e-03-2.832526370967369377e-03j), (4.258797811351421742e-03-5.388945907393927377e-03j)
 (9.886456778732037251e-03-2.726125411298669417e-03j), (3.948532199147475677e-03-2.635251603619731368e-03j), (-8.681890850636709775e-03+9.695238041793913936e-04j), (-7.771430755366254967e-03+4.493454779349927500e-03j), (6.212125929167247249e-03+2.215243705691627950e-03j), (1.127084807251635921e-02-4.725980250283736729e-03j), (-2.251766702530839590e-03-6.342629496818595614e-03j), (-1.423850858565697125e-02+2.530538156863912196e-03j), (-3.545163367884238310e-03+1.075729797857341574e-02j), (1.618988750440328306e-02+2.862384324386647687e-03j), (1.217190901884615713e-02-1.432873408559773472e-02j), (-1.644223256017960169e-02-1.302931952555790723e-02j), (-2.590802824043008518e-02+1.547176399686820553e-02j), (1.288090234992934555e-02+3.193357769641767124e-02j), (5.350058960117060058e-02-9.007973222177872302e-03j), (3.082143880376260470e-03-8.526183627363057016e-02j), (-1.713168553224866941e-01+6.598958976485991279e-03j), (1.213052736084704319e-01+3.075424185060359195e-01j), (3.154185056318726810e-01-4.983886207195317719e-01j), (1.254089140008611269e-01+3.064068298300280935e-01j), (-1.696244999046593316e-01+5.773899209339433680e-03j), (-3.165571679815196160e-04-8.460973042527701604e-02j), (5.031456987594457031e-02-7.636027544638056969e-03j), (1.502221755502477357e-02+3.214191884221202777e-02j), (-2.171890131740665530e-02+1.401597338730651079e-02j), (-1.688809289620922180e-02-1.423020015080061866e-02j), (7.642897217463144773e-03-1.335128952426688567e-02j), (1.470993892293588970e-02+4.888513889047642509e-03j), (5.516488049988679809e-04+1.078619827220453006e-02j), (-1.084506107193796212e-02+1.451577498227264035e-04j), (-5.192173288883127069e-03-7.735662414467129808e-03j), (6.400865714360577143e-03-2.665804871920325787e-03j), (7.198936557878540636e-03+5.015571373519464408e-03j), (-2.040001280889363472e-03+3.546686259192273396e-03j), (-7.183731241769419212e-03-2.867555612448680243e-03j), (-1.721192637730040945e-03-3.567032636152038094e-03j), (5.700348444930074601e-03+1.402526864760712116e-03j), (4.376493527426438858e-03+3.279417020166870960e-03j), (-3.089209658462212585e-03-5.354589272283060124e-04j), (-5.819886682831620917e-03-3.037089393963148323e-03j)
 (3.299253343688213561e-03+6.111943391112241442e-03j), (2.538449308917304845e-03+2.127361568880158180e-03j), (-1.871354483685810357e-03-5.672340997569726151e-03j), (-4.423093039298194376e-03-4.419422103231106062e-03j), (-8.743038887656291204e-04+4.698017802339329169e-03j), (5.115227253821583511e-03+6.879354908999864814e-03j), (4.523883051875503269e-03-2.825234911856536277e-03j), (-3.915506229657795406e-03-9.454874209359094561e-03j), (-8.657240957132585069e-03-5.215387246867700041e-04j), (2.022854632873806457e-04+1.200575915560040188e-02j), (1.248560253838064404e-02+6.073891245899790646e-03j), (7.147793128425171047e-03-1.385798346772698121e-02j), (-1.492576770894200704e-02-1.557412997259844702e-02j), (-2.053454900830057467e-02+1.378145249563253807e-02j), (1.358877388322204081e-02+3.329301078660645147e-02j), (4.862221445811331505e-02-6.810967777493782266e-03j), (4.119471598019730507e-04-8.527733954202657007e-02j), (-1.676228324885522813e-01+4.636474423498876396e-03j), (1.254089140008766978e-01+3.064068298300086646e-01j), (3.134168382157435095e-01-4.972511959336555210e-01j), (1.205767692806999913e-01+3.082100276227600633e-01j), (-1.696244999046714053e-01+5.773899209352534312e-03j), (4.515587552196408117e-03-8.641292821802612489e-02j), (5.231623729205787249e-02-8.773452330511240932e-03j), (1.091857716265174846e-02+3.327750751822924902e-02j), (-2.541292415137190452e-02+1.597845794032413599e-02j), (-1.421789617563334884e-02-1.421469688243163013e-02j), (1.252127236053277373e-02-1.554829496895422485e-02j), (1.400206738963723219e-02+3.529080798871477194e-03j), (-4.821830427124358491e-03+1.247650977345537635e-02j), (-1.236152592318242108e-02+2.689968196838897659e-03j), (-1.680573984785766264e-04-8.206413032342721459e-03j), (1.010515068041715342e-02-5.877311793413779635e-03j), (3.451487726686516561e-03+3.767110196487941532e-03j), (-7.621268909414448747e-03+6.598763140748038769e-03j), (-5.519991714636704114e-03+2.446891000660502552e-04j), (5.025772382905456005e-03-5.467777974563521950e-03j), (6.797247120274023564e-03-3.261584338531968615e-03j), (-2.520633339156414746e-03+3.074853997162173367e-03j), (-7.348007469817462861e-03+4.853486980171301500e-03j)
 (-7.348007469809210782e-03+4.853486980171269408e-03j), (-2.520633339161236844e-03+3.074853997170413737e-03j), (6.797247120273480596e-03-3.261584338538538012e-03j), (5.025772382906251376e-03-5.467777974568353155e-03j), (-5.519991714639385129e-03+2.446891000644590801e-04j), (-7.621268909412438203e-03+6.598763140772564290e-03j), (3.451487726694776881e-03+3.767110196459043641e-03j), (1.010515068040419677e-02-5.877311793402537760e-03j), (-1.680573984800355289e-04-8.206413032344869046e-03j), (-1.236152592317148191e-02+2.689968196840984531e-03j), (-4.821830427122856221e-03+1.247650977346222850e-02j), (1.400206738961710939e-02+3.529080798864217376e-03j), (1.252127236055381246e-02-1.554829496896693863e-02j), (-1.421789617564580242e-02-1.421469688240596489e-02j), (-2.541292415136650606e-02+1.597845794031374153e-02j), (1.091857716265328369e-02+3.327750751821654390e-02j), (5.231623729204930295e-02-8.773452330495999651e-03j), (4.515587552204998467e-03-8.641292821803488178e-02j), (-1.696244999046770119e-01+5.773899209360972007e-03j), (1.205767692807062363e-01+3.082100276227492941e-01j), (3.134168382157412891e-01-4.972511959336554654e-01j), (1.254089140008708136e-01+3.064068298300258730e-01j), (-1.676228324885459808e-01+4.636474423474229445e-03j), (4.119471598072882434e-04-8.527733954201671684e-02j), (4.862221445810305243e-02-6.810967777484182306e-03j), (1.358877388322497076e-02+3.329301078659521740e-02j), (-2.053454900829639052e-02+1.378145249563659386e-02j), (-1.492576770894212326e-02-1.557412997260736176e-02j), (7.147793128418680579e-03-1.385798346770469175e-02j), (1.248560253838426615e-02+6.073891245886357815e-03j), (2.022854632874621778e-04+1.200575915559140214e-02j), (-8.657240957129885839e-03-5.215387246673185498e-04j), (-3.915506229667155974e-03-9.454874209372425911e-03j), (4.523883051883788309e-03-2.825234911849486795e-03j), (5.115227253824639227e-03+6.879354908997533345e-03j), (-8.743038887780978791e-04+4.698017802332487419e-03j), (-4.423093039292630251e-03-4.419422103219152950e-03j), (-1.871354483681806182e-03-5.672340997575938196e-03j), (2.538449308916478683e-03+2.127361568879216659e-03j), (3.299253343683916651e-03+6.111943391114922457e-03j)
 (-5.819886682836306405e-03-3.037089393953692346e-03j), (-3.089209658458489868e-03-5.354589272360639127e-04j), (4.376493527423652892e-03+3.279417020164935009e-03j), (5.700348444936892064e-03+1.402526864765682533e-03j), (-1.721192637735976302e-03-3.567032636149454223e-03j), (-7.183731241774217458e-03-2.867555612452033463e-03j), (-2.040001280874876796e-03+3.546686259188411034e-03j), (7.198936557865685468e-03+5.015571373514273248e-03j), (6.400865714361509556e-03-2.665804871901168369e-03j), (-5.192173288876230676e-03-7.735662414469786537e-03j), (-1.084506107194445693e-02+1.451577497906704484e-04j), (5.516488049994838078e-04+1.078619827223653918e-02j), (1.470993892293115217e-02+4.888513889048797835e-03j), (7.642897217473560920e-03-1.335128952427675451e-02j), (-1.688809289621686846e-02-1.423020015081354062e-02j), (-2.171890131740887228e-02+1.401597338732335669e-02j), (1.502221755502839741e-02+3.214191884221993117e-02j), (5.031456987594408459e-02-7.636027544660722866e-03j), (-3.165571679756076784e-04-8.460973042526970245e-02j), (-1.696244999046705726e-01+5.773899209347552186e-03j), (1.254089140008678438e-01+3.064068298300198223e-01j), (3.154185056318745684e-01-4.983886207195286633e-01j), (1.213052736084733324e-01+3.075424185060261495e-01j), (-1.713168553224944379e-01+6.598958976504434859e-03j), (3.082143880379459300e-03-8.526183627363800865e-02j), (5.350058960117697049e-02-9.007973222198945723e-03j), (1.288090234991542266e-02+3.193357769644897259e-02j), (-2.590802824040952523e-02+1.547176399685854138e-02j), (-1.644223256019404847e-02-1.302931952556652707e-02j), (1.217190901883891986e-02-1.432873408559641112e-02j), (1.618988750441752861e-02+2.862384324394756652e-03j), (-3.545163367879721524e-03+1.075729797856758013e-02j), (-1.423850858567640362e-02+2.530538156884265706e-03j), (-2.251766702519466742e-03-6.342629496858195881e-03j), (1.127084807251123311e-02-4.725980250262327639e-03j), (6.212125929175335397e-03+2.215243705707384877e-03j), (-7.771430755372815691e-03+4.493454779334776425e-03j), (-8.681890850638843485e-03+9.695238041700351625e-04j), (3.948532199148147882e-03-2.635251603614781335e-03j), (9.886456778737348974e-03-2.726125411287316953e-03j)
 (4.258797811337939471e-03-5.388945907398730827e-03j), (1.077240183767702152e-03-2.832526370968904174e-03j), (-4.186108333815239356e-03+4.128652276078599234e-03j), (-2.370471493200170671e-03+5.180162358571663989e-03j), (4.036608917792729526e-03-1.709717847744310001e-03j), (3.860074990797068752e-03-6.619109517735324855e-03j), (-3.436282410592014086e-03-1.619094435386515211e-03j), (-5.744286246921556476e-03+6.758193180672208110e-03j), (2.174820667460730834e-03+5.486321991398051059e-03j), (7.917330565599609016e-03-5.210615318951550105e-03j), (1.813059432416927463e-04-9.425973915686962704e-03j), (-1.013718953862999261e-02+1.504590839960808467e-03j), (-4.326726338080371347e-03+1.298320371693491813e-02j), (1.203974220235676587e-02+4.873010620637810777e-03j), (1.133692005144000536e-02-1.531377407726007209e-02j), (-1.278445250384939100e-02-1.536578882681664468e-02j), (-2.372056873351385820e-02+1.515339817316170568e-02j), (1.019007283485329207e-02+3.394511663497711690e-02j), (5.031456987594461194e-02-7.636027544660903277e-03j), (4.515587552190114540e-03-8.641292821801058177e-02j), (-1.676228324885413734e-01+4.636474423483388785e-03j), (1.213052736084723193e-01+3.075424185060105509e-01j), (3.117244827979224198e-01-4.964261361664902839e-01j), (1.239754703290567028e-01+3.075579217744035532e-01j), (-1.664384801794362434e-01+4.401953531786600982e-03j), (2.374272347081561596e-03-8.662126936377803621e-02j), (4.812711036905593931e-02-7.317661720980101620e-03j), (1.136443749867608287e-02+3.447838814348370973e-02j), (-2.088391235000833582e-02+1.500101337897426224e-02j), (-1.273794759414808957e-02-1.624082644704940431e-02j), (8.424460187670670605e-03-1.557719526264123543e-02j), (1.060861987587560958e-02+5.914461205954499312e-03j), (-1.881423840745354535e-03+1.386954269108817139e-02j), (-7.491543565036029931e-03+6.297928184650137574e-04j), (-1.154868027171969402e-03-1.100674070014600811e-02j), (4.373721205916048654e-03-4.930543273258841674e-03j), (1.953328117829293900e-03+7.604189613084731333e-03j), (-1.951544072546303101e-03+7.530544173315676174e-03j), (-1.333883380806248848e-03-3.883963176002876161e-03j), (6.492788554529841522e-04-8.747194994736740697e-03j)
 (6.897126866598976558e-03+2.045630230047327212e-04j), (3.161899135986081036e-03-7.248347041035889567e-04j), (-5.669724836852517089e-03-9.317810325525192894e-04j), (-5.849847860970758262e-03+1.016407563558354918e-03j), (3.210796135339433373e-03+2.128085477006299523e-03j), (7.784057748981897812e-03-4.612566707030236676e-04j), (1.557900247397829736e-04-3.407602596231248428e-03j), (-8.460398300998029503e-03-1.148343817524685121e-03j), (-4.227821395669306009e-03+4.213382733648091821e-03j), (7.548299899562942866e-03+3.796010490159761139e-03j), (8.625202098921510088e-03-3.851182228772904569e-03j), (-4.697069199835715581e-03-7.228968470992575349e-03j), (-1.280738625921487572e-02+1.489087571557428172e-03j), (-6.327035041054389006e-04+1.102071916394120957e-02j), (1.614338259472962098e-02+3.737421944644371725e-03j), (9.335252635310415867e-03-1.417634929142801495e-02j), (-1.761659722399097974e-02-1.356259103406147644e-02j), (-2.372056873354089213e-02+1.515339817317678563e-02j), (1.502221755503552539e-02+3.214191884221376944e-02j), (5.231623729206262563e-02-8.773452330507146985e-03j), (4.119471598063098594e-04-8.527733954202562638e-02j), (-1.713168553225037360e-01+6.598958976514121555e-03j), (1.239754703290600751e-01+3.075579217743962257e-01j), (3.166028579409786992e-01-4.986231416112034687e-01j), (1.232675987957627811e-01+3.061984886842429865e-01j), (-1.718119594115616877e-01+6.092265033030661026e-03j), (8.578074958422651775e-04-8.407645891676754357e-02j), (5.315122625945732648e-02-7.788412338833598098e-03j), (1.506872246472812024e-02+3.126688122196790570e-02j), (-2.463136118119331128e-02+1.375255220195069350e-02j), (-1.831921522267131869e-02-1.318874956549279803e-02j), (1.008819971478860239e-02-1.246495055012682152e-02j), (1.735558489653224110e-02+4.013715867545405470e-03j), (-7.845251654144732439e-04+9.205431487788410388e-03j), (-1.438867043161898285e-02+4.252297954694455803e-04j), (-5.413665838524584634e-03-5.617794792757023828e-03j), (1.019360788874948756e-02-1.893453879290487446e-03j), (9.301335587651969605e-03+2.750702632920132371e-03j), (-5.250797416232233332e-03+1.418600782180173825e-03j), (-1.122034015954785982e-02-1.157837764699356890e-03j)
 (-1.096898675346035402e-03+4.664111203277468073e-03j), (1.501618459574386496e-04+2.105308361433962799e-03j), (1.498159608859216509e-03-3.837079416629927790e-03j), (-8.845720832999399985e-05-3.983857914104066249e-03j), (-2.102399029780299342e-03+2.264868740582179525e-03j), (-4.934888307117782716e-04+5.339592398516205055e-03j), (2.759941858565115834e-03+9.493947158453405755e-06j), (1.672254876003640041e-03-5.952413043246154202e-03j), (-3.086919068895083249e-03-2.838655318776296850e-03j), (-3.519949862358544464e-03+5.572815823832726924e-03j), (2.669924756491321577e-03+5.993015934851055049e-03j), (5.955005378342368046e-03-3.866685497167646809e-03j), (-1.003046365868117545e-03-9.191453023997431249e-03j), (-8.703745866837326456e-03+3.534988955696347773e-04j), (-2.634370920241207482e-03+1.215814394977368998e-02j), (1.131123787459417315e-02+5.540619737396617825e-03j), (9.335252635280621991e-03-1.417634929141461247e-02j), (-1.278445250380785651e-02-1.536578882681568885e-02j), (-2.171890131742309007e-02+1.401597338732108594e-02j), (1.091857716265045262e-02+3.327750751820267305e-02j), (4.862221445809895848e-02-6.810967777483047797e-03j), (3.082143880399998426e-03-8.526183627362488027e-02j), (-1.664384801794474011e-01+4.401953531787711205e-03j), (1.232675987957545516e-01+3.061984886842369358e-01j), (3.112293787088680763e-01-4.969328301099553702e-01j), (1.217511339445136592e-01+3.087432991312533126e-01j), (-1.667878435211489485e-01+5.621514415173986534e-03j), (4.562092461876957050e-03-8.728796583828082878e-02j), (4.940377742828742924e-02-9.036873515857819089e-03j), (9.487454836195561778e-03+3.431895810352001558e-02j), (-2.296762165406704762e-02+1.686479691447783855e-02j), (-1.157225020202717544e-02-1.508949490391246241e-02j), (1.118509839013149230e-02-1.712906175342712028e-02j), (1.045845802994151488e-02+3.809152844556159493e-03j), (-5.043322976765321659e-03+1.459437739517827071e-02j), (-8.568783748784827500e-03+3.462319189427766168e-03j), (1.934341631296893245e-03-1.047128177291140917e-02j), (6.894354545066685470e-03-8.005397270433943502e-03j), (-5.851211910996522401e-04+5.476828044230979547e-03j), (-5.900076271674712866e-03+1.016579577691106157e-02j)
 (-6.746965020630293214e-03+1.900745338415251676e-03j), (-2.760638202478591340e-03+1.551866490773669369e-03j), (5.731429474474158438e-03-9.467685201368335191e-04j), (5.245608440058071274e-03-2.588618239597025375e-03j), (-3.792742174387877391e-03-7.723509926019205690e-04j), (-7.126514920194449744e-03+2.735619358459345004e-03j), (1.022976020556169274e-03+2.794781951481705145e-03j), (8.133421090664803843e-03-1.680817554077999008e-03j), (2.380126409301347792e-03-4.592979953071767846e-03j), (-7.965294211942553285e-03-6.416498740778099098e-04j), (-6.190146582951984965e-03+5.557312555433568078e-03j), (6.363947590457694897e-03+4.030531381849242721e-03j), (1.005864577072526286e-02-5.002274173157834555e-03j), (-3.004713782003367879e-03-8.054028238162001807e-03j), (-1.353589058698480459e-02+2.156696688314285390e-03j), (-2.634370920241290749e-03+1.215814394979854857e-02j), (1.614338259473794765e-02+3.737421944638069475e-03j), (1.133692005142896211e-02-1.531377407728135714e-02j), (-1.688809289621093918e-02-1.423020015081088822e-02j), (-2.541292415137082900e-02+1.597845794033575170e-02j), (1.358877388323050453e-02+3.329301078660886620e-02j), (5.350058960115772894e-02-9.007973222212903308e-03j), (2.374272347097694524e-03-8.662126936378605757e-02j), (-1.718119594115549154e-01+6.092265033036031729e-03j), (1.217511339444962148e-01+3.087432991312639707e-01j), (3.162534945992889757e-01-4.974035807278421872e-01j), (1.254554189105442918e-01+3.055317922097680605e-01j), (-1.705352923523173747e-01+4.373053238124230413e-03j), (-1.019175166658274623e-03-8.423588895669810450e-02j), (5.106751695542580127e-02-5.924628803356573464e-03j), (1.623441985681920580e-02+3.241821276510815225e-02j), (-2.187072297870397072e-02+1.220068571118624982e-02j), (-1.846937706863177597e-02-1.529405792691711230e-02j), (6.926300578790827583e-03-1.174011584602001335e-02j), (1.627834471276401809e-02+6.846242238506637830e-03j), (2.304684493064070895e-03+9.740890415017165044e-03j), (-1.186803709247052571e-02-2.649624201700437331e-03j), (-7.952115147453043750e-03-7.745156361614304909e-03j), (6.245075689621005371e-03+7.417977243061582224e-04j), (1.063521896845120648e-02+6.634665808923928369e-03j)
 (-1.663739527141363563e-03-3.112244712493154007e-03j), (-1.165697392094520307e-03-1.151331543165764332e-03j), (9.868106286971072526e-04+2.800327667817091148e-03j), (2.027144508429358765e-03+2.264738401350434738e-03j), (2.214925496504813792e-04-2.117867621705795192e-03j), (-2.276277323137377261e-03-3.317161439642042717e-03j), (-1.753035688080986296e-03+1.045307857229219994e-03j), (1.730847553846477779e-03+4.154215041645356599e-03j), (3.255045947623206280e-03+5.161878906256231470e-04j), (-2.900703112968892189e-04-4.608483221465536038e-03j), (-4.271271377974470394e-03-2.604134427081772427e-03j), (-2.086506190574542383e-03+4.421723879435689869e-03j), (4.362280174335703489e-03+5.167956167690488690e-03j), (5.226501050563363976e-03-3.199076380409881463e-03j), (-3.004713781993672075e-03-8.054028238141587581e-03j), (-8.703745866848215315e-03+3.534988955588794918e-04j), (-6.327035040874957883e-04+1.102071916392668646e-02j), (1.203974220233403752e-02+4.873010620645514684e-03j), (7.642897217482088820e-03-1.335128952425770552e-02j), (-1.421789617563748616e-02-1.421469688241928410e-02j), (-2.053454900830273266e-02+1.378145249561463920e-02j), (1.288090234992298952e-02+3.193357769644242228e-02j), (4.812711036904988859e-02-7.317661720955000171e-03j), (8.578074958428758001e-04-8.407645891676651662e-02j), (-1.667878435211392341e-01+5.621514415146772192e-03j), (1.254554189105345774e-01+3.055317922097853245e-01j), (3.125060457681101411e-01-4.986520419048922625e-01j), (1.198741512820259841e-01+3.085838690913452198e-01j), (-1.688715528251995557e-01+7.485297950626065844e-03j), (5.727789853979536883e-03-8.613663429510265424e-02j), (5.216441563078390298e-02-1.058874000666053944e-02j), (9.337292990221367217e-03+3.221364974211259058e-02j), (-2.612952079005583308e-02+1.758963161859054825e-02j), (-1.264949038580282306e-02-1.225696853296685644e-02j), (1.427430804862345366e-02-1.659360282618507071e-02j), (1.297909136907360664e-02+7.342988473911194955e-04j), (-7.581772285683877240e-03+1.246701582629939839e-02j), (-1.251731594792123217e-02+6.097570793050886319e-03j), (3.268225012110023090e-03-6.587318596925183754e-03j), (1.214515196128506530e-02-9.423998052604446243e-03j)
 (5.581267628527018625e-03-3.052076881564472384e-03j), (2.083709304037917234e-03-1.863783535476912310e-03j), (-4.869982358132686831e-03+2.060175378343295956e-03j), (-4.037305261716992409e-03+3.271078285701064983e-03j), (3.543609359680120405e-03-2.800720456875834073e-04j), (5.594971781763099367e-03-3.808179122942974455e-03j), (-1.568405789841230110e-03-1.957728349474056190e-03j), (-6.631410831130519351e-03+3.242313301934558224e-03j), (-9.393491667417474926e-04+4.138711773252941491e-03j), (6.949068781575282010e-03-1.446296662384256512e-03j), (3.813570081096283402e-03-5.744071897463932930e-03j), (-6.272938794101678983e-03-1.466709641234124027e-03j), (-6.918650910741288955e-03+6.224921672183279971e-03j), (4.362280174345029363e-03+5.167956167702798288e-03j), (1.005864577071628914e-02-5.002274173156557799e-03j), (-1.003046365870253857e-03-9.191453024022402593e-03j), (-1.280738625921745005e-02+1.489087571579417527e-03j), (-4.326726338064731947e-03+1.298320371694186223e-02j), (1.470993892292792038e-02+4.888513889030526860e-03j), (1.252127236053839250e-02-1.554829496896451349e-02j), (-1.492576770893785411e-02-1.557412997259290457e-02j), (-2.590802824041221752e-02+1.547176399687022127e-02j), (1.136443749866422430e-02+3.447838814346310121e-02j), (5.315122625946822749e-02-7.788412338835298127e-03j), (4.562092461884964534e-03-8.728796583826455013e-02j), (-1.705352923523251740e-01+4.373053238119040120e-03j), (1.198741512820207800e-01+3.085838690913393911e-01j), (3.141697852952230474e-01-4.955397971923670153e-01j), (1.266211163026720321e-01+3.066831237529178966e-01j), (-1.677746541498523203e-01+2.821186747339693435e-03j), (-1.169337012604174109e-03-8.634119731810703524e-02j), (4.790561781941528319e-02-5.199794099260073021e-03j), (1.515717967306490568e-02+3.525073913608076093e-02j), (-1.878151332023132378e-02+1.273614463840152568e-02j), (-1.594874372948567459e-02-1.836891192407097070e-02j), (4.387851269867871010e-03-1.386747741489709716e-02j), (1.232981251362502001e-02+9.481493842132414709e-03j), (3.638567873883730673e-03+1.362485359099374106e-02j), (-6.617239676261084912e-03-4.068224983866035142e-03j), (-7.366993956341704244e-03-1.322198440584087739e-02j)
 (3.747448831183231629e-03+1.248461177008888421e-03j), (1.876982662480324634e-03+1.594300399558757492e-04j), (-2.940406586363333331e-03-1.393032917606044745e-03j), (-3.353517506892997931e-03-4.846350686815565061e-04j), (1.336173970393639537e-03+1.580766784454363822e-03j), (4.251480892995594327e-03+1.079361044484187203e-03j), (7.165966386880367111e-04-1.611173678238533077e-03j), (-4.238602510410712995e-03-1.973231617866505992e-03j), (-2.937387997187612936e-03+1.279828748927445883e-03j), (3.164291225659691519e-03+3.003123097248612712e-03j), (4.947401365437732734e-03-3.088718765298179708e-04j), (-1.018574639059142799e-03-3.940874104721675368e-03j), (-6.272938794105386955e-03-1.466709641218013217e-03j), (-2.086506190571383451e-03+4.421723879432636756e-03j), (6.363947590453100482e-03+4.030531381830704599e-03j), (5.955005378355945726e-03-3.866685497150499935e-03j), (-4.697069199853243227e-03-7.228968470997157621e-03j), (-1.013718953861782700e-02+1.504590839968093438e-03j), (5.516488049870068092e-04+1.078619827222334487e-02j), (1.400206738963011288e-02+3.529080798865092544e-03j), (7.147793128424433790e-03-1.385798346771319189e-02j), (-1.644223256018960758e-02-1.302931952556504215e-02j), (-2.088391235000013404e-02+1.500101337898257503e-02j), (1.506872246470806684e-02+3.126688122196533831e-02j), (4.940377742828706842e-02-9.036873515858391548e-03j), (-1.019175166638783270e-03-8.423588895671108023e-02j), (-1.688715528251993336e-01+7.485297950641914277e-03j), (1.266211163026539355e-01+3.066831237529157317e-01j), (3.152666839705842161e-01-5.002039083956562049e-01j), (1.197239894360711265e-01+3.064785607299133630e-01j), (-1.720334519612039537e-01+8.210132654749888181e-03j), (4.650549670227238641e-03-8.330410792415364474e-02j), (5.525362528924775141e-02-1.005328107943996227e-02j), (1.185792632937830542e-02+2.913879574497295344e-02j), (-2.866797009899080956e-02+1.546227004969793171e-02j), (-1.659802258492431085e-02-9.621716929345901226e-03j), (1.560819142942938831e-02-1.270963965019114746e-02j), (1.822988878528417761e-02-6.843019347869214869e-04j), (-6.996651094568265977e-03+6.990187782077180931e-03j), (-1.876239163754274408e-02+5.355773068737595781e-03j)
 (-3.704284966036593563e-03+3.211506921504250767e-03j), (-1.276667059229383110e-03+1.719211794902280287e-03j), (3.393447513723354611e-03-2.385380407084546073e-03j), (2.433072645751579478e-03-3.083344418849081735e-03j), (-2.645645973581815281e-03+8.747980214891548385e-04j), (-3.542201172681936922e-03+3.777772229160042926e-03j), (1.581284172427011112e-03+1.063857776094988706e-03j), (4.410619472636618382e-03-3.573658231252917379e-03j), (-1.349621180219569803e-04-3.108820293867112488e-03j), (-4.939055413309923100e-03+2.417253534778966186e-03j), (-1.667853494507549016e-03+4.806320889996686802e-03j), (4.947401365439773636e-03-3.088718765153629538e-04j), (3.813570081112395080e-03-5.744071897478467310e-03j), (-4.271271377999155509e-03-2.604134427084321170e-03j), (-6.190146582942005100e-03+5.557312555432334690e-03j), (2.669924756495884767e-03+5.993015934873876203e-03j), (8.625202098926228536e-03-3.851182228786168265e-03j), (1.813059432205560081e-04-9.425973915705345568e-03j), (-1.084506107193206059e-02+1.451577498083524848e-04j), (-4.821830427111250053e-03+1.247650977346857759e-02j), (1.248560253836863108e-02+6.073891245894216979e-03j), (1.217190901883323517e-02-1.432873408560323379e-02j), (-1.273794759413341554e-02-1.624082644705969469e-02j), (-2.463136118119074042e-02+1.375255220195490888e-02j), (9.487454836183776066e-03+3.431895810353153414e-02j), (5.106751695542038200e-02-5.924628803357142454e-03j), (5.727789853987731716e-03-8.613663429511259073e-02j), (-1.677746541498360000e-01+2.821186747331463907e-03j), (1.197239894360482698e-01+3.064785607299330694e-01j), (3.110078861592480148e-01-4.948149624882610120e-01j), (1.255438761188814312e-01+3.095156501238697788e-01j), (-1.646854444913578297e-01+3.356645674577635186e-03j), (1.351296326537659853e-03-8.941605131527885497e-02j), (4.536716851048995525e-02-7.327155668118156412e-03j), (1.120864747393364447e-02+3.788599073968142161e-02j), (-1.744762993942669885e-02+1.662010781440212762e-02j), (-1.069794631325834966e-02-1.978751270625394784e-02j), (4.972972460967041430e-03-1.934430545911548435e-02j), (6.084736824007402553e-03+8.739696117821122573e-03j), (3.703428617745779805e-04+2.021217218791337283e-02j)
 (-5.024115890417998886e-03+4.707506178937307870e-04j), (-2.187820114782111809e-03+6.666964744632646175e-04j), (4.096812172873608680e-03+2.890029366373536232e-05j), (4.101319047037775556e-03-1.025947316922923378e-03j), (-2.445302497314254340e-03-8.863389741340208135e-04j), (-5.315842694167197124e-03+8.592947530976146817e-04j), (1.518216612829605822e-04+1.815287676142452638e-03j), (5.684924564801303870e-03-7.173089990092536283e-05j), (2.408952056528447516e-03-2.436233445408992563e-03j), (-4.967106838203639088e-03-1.305622501103781289e-03j), (-4.939055413293879510e-03+2.417253534776375376e-03j), (3.164291225647920119e-03+3.003123097248656947e-03j), (6.949068781562645417e-03-1.446296662388162242e-03j), (-2.900703112725354360e-04-4.608483221464465714e-03j), (-7.965294211945913444e-03-6.416498740584837893e-04j), (-3.519949862379576251e-03+5.572815823808573502e-03j), (7.548299899574603677e-03+3.796010490158951024e-03j), (7.917330565609347753e-03-5.210615318942938071e-03j), (-5.192173288872919089e-03-7.735662414453919888e-03j), (-1.236152592320120987e-02+2.689968196823565305e-03j), (2.022854633040036335e-04+1.200575915558728043e-02j), (1.618988750442244828e-02+2.862384324399270402e-03j), (8.424460187646188453e-03-1.557719526262993370e-02j), (-1.831921522266393224e-02-1.318874956549734127e-02j), (-2.296762165405581702e-02+1.686479691445824311e-02j), (1.623441985681868885e-02+3.241821276512842770e-02j), (5.216441563077161420e-02-1.058874000666335663e-02j), (-1.169337012605749238e-03-8.634119731809933307e-02j), (-1.720334519611889657e-01+8.210132654727905765e-03j), (1.255438761188799324e-01+3.095156501238856550e-01j), (3.183558936290749042e-01-4.996684494684345834e-01j), (1.222446227752042591e-01+3.034037067327574055e-01j), (-1.745719012701257566e-01+6.082771085883120765e-03j), (7.020174710981527677e-04-8.066885632056289279e-02j), (5.658750867006032831e-02-6.169317903421327881e-03j), (1.710872374558905507e-02+2.772019496278873771e-02j), (-2.808284890788897287e-02+9.985442005466037968e-03j), (-2.284309827452578323e-02-1.036351465364825780e-02j), (1.233996641730652349e-02-6.122321053271224250e-03j), (2.484712846154622790e-02+3.383923049080096376e-03j)
 (1.516464851248351241e-03-2.544810447026892714e-03j), (3.493633416909632254e-04-1.219560883368819241e-03j), (-1.479948581471073358e-03+2.026129564642992296e-03j), (-7.815629701879010143e-04+2.225905738377330877e-03j), (1.431122326447169376e-03-1.041450585319149674e-03j), (1.248720336650635575e-03-2.848823527150563979e-03j), (-1.212202301786452496e-03-2.762939229028850202e-04j), (-1.849845754832517373e-03+2.952712461999407612e-03j), (8.527798446246927927e-04+1.731466892853200093e-03j), (2.408952056538459473e-03-2.436233445409669539e-03j), (-1.349621180417055061e-04-3.108820293854418215e-03j), (-2.937387997174512738e-03+1.279828748905718471e-03j), (-9.393491667366922915e-04+4.138711773272306209e-03j), (3.255045947613978419e-03+5.161878906204712351e-04j), (2.380126409297296346e-03-4.592979953075733424e-03j), (-3.086919068881197221e-03-2.838655318787368289e-03j), (-4.227821395676152096e-03+4.213382733675671322e-03j), (2.174820667459424154e-03+5.486321991389240399e-03j), (6.400865714354861229e-03-2.665804871923776152e-03j), (-1.680573984643336793e-04-8.206413032330113488e-03j), (-8.657240957141248278e-03-5.215387246696465487e-04j), (-3.545163367887510433e-03+1.075729797855539197e-02j), (1.060861987588440289e-02+5.914461205961037485e-03j), (1.008819971479912175e-02-1.246495055011878454e-02j), (-1.157225020203930983e-02-1.508949490391462388e-02j), (-2.187072297871110738e-02+1.220068571117275541e-02j), (9.337292990234172946e-03+3.221364974212070909e-02j), (4.790561781941606034e-02-5.199794099252419421e-03j), (4.650549670231908517e-03-8.330410792415984811e-02j), (-1.646854444913802284e-01+3.356645674572514282e-03j), (1.222446227752220227e-01+3.034037067327625126e-01j), (3.084694368502996498e-01-4.969423240571390066e-01j), (1.215953439197646618e-01+3.121509017274973763e-01j), (-1.633515611105560983e-01+7.240608850559590581e-03j), (6.602093742753216421e-03-9.083465209744606694e-02j), (4.595228970160258192e-02-1.280398371235732038e-02j), (4.963571784317364483e-03+3.714419301538617046e-02j), (-2.071585495154683321e-02+2.320742641132246542e-02j), (-4.080706636994283626e-03-1.571928772239626973e-02j), (1.196962355554050117e-02-2.633449324118341400e-02j)
 (5.373479232109952368e-03-1.690311501251781298e-03j), (2.224336384557227576e-03-1.185377356853696811e-03j), (-4.529011801365293022e-03+9.774445613424311442e-04j), (-4.150145302069488396e-03+2.010626296249345100e-03j), (2.912459863779347582e-03+2.634211853591787549e-04j), (5.534762718837622601e-03-2.177039261317532254e-03j), (-7.529470794833574088e-04-1.711398741291339769e-03j), (-6.044347021944006769e-03+1.526903869839476950e-03j), (-1.849845754837748431e-03+2.952712462013452801e-03j), (5.684924564798974136e-03-7.173089991218458555e-05j), (4.410619472647474282e-03-3.573658231262874692e-03j), (-4.238602510415518179e-03-1.973231617847495158e-03j), (-6.631410831137680290e-03+3.242313301923685845e-03j), (1.730847553847723094e-03+4.154215041652859278e-03j), (8.133421090672717652e-03-1.680817554091366788e-03j), (1.672254875998105839e-03-5.952413043228658648e-03j), (-8.460398300995250476e-03-1.148343817545547339e-03j), (-5.744286246925744965e-03+6.758193180693570362e-03j), (7.198936557865832919e-03+5.015571373505983005e-03j), (1.010515068040986585e-02-5.877311793403796301e-03j), (-3.915506229654133405e-03-9.454874209373381744e-03j), (-1.423850858567003719e-02+2.530538156894164906e-03j), (-1.881423840747130025e-03+1.386954269106871300e-02j), (1.735558489651179565e-02+4.013715867545407205e-03j), (1.118509839015084661e-02-1.712906175340761158e-02j), (-1.846937706863054432e-02-1.529405792692115768e-02j), (-2.612952079006235911e-02+1.758963161858114604e-02j), (1.515717967306390822e-02+3.525073913606913828e-02j), (5.525362528924107619e-02-1.005328107941857313e-02j), (1.351296326552259286e-03-8.941605131527646799e-02j), (-1.745719012701328343e-01+6.082771085868493577e-03j), (1.215953439197647590e-01+3.121509017274931019e-01j), (3.196897770098781622e-01-4.957844862924441487e-01j), (1.274954201914188512e-01+3.019851059505926916e-01j), (-1.739867800790158014e-01+6.059430416405220399e-04j), (-5.543058218516486169e-03-8.141065404486133583e-02j), (5.331928365794436075e-02+4.180006935072810847e-04j), (2.372596342184312215e-02+3.178841994663871018e-02j), (-2.108619781329777731e-02+2.995254223399069354e-03j), (-2.892783509855584648e-02-1.910321077146467927e-02j)
 (7.078715333145239440e-04+1.359433090152500651e-03j), (4.951040890436574386e-04+5.066939434818679448e-04j), (-4.458603360333071542e-04-1.200880625257422967e-03j), (-8.349889673993035090e-04-9.850399916734753781e-04j), (-4.650490968030994844e-05+8.750376202498921958e-04j), (9.107924476463983600e-04+1.400845971216515586e-03j), (7.026179986756894529e-04-3.738414685679956298e-04j), (-7.529470794799460751e-04-1.711398741285678283e-03j), (-1.212202301777790588e-03-2.762939229205395178e-04j), (1.518216612793806008e-04+1.815287676154260683e-03j), (1.581284172415381526e-03+1.063857776100250122e-03j), (7.165966386921437774e-04-1.611173678241618282e-03j), (-1.568405789831178471e-03-1.957728349480832887e-03j), (-1.753035688081353623e-03+1.045307857227331747e-03j), (1.022976020544643337e-03+2.794781951486773573e-03j), (2.759941858569656039e-03+9.493947169454588358e-06j), (1.557900247357132039e-04-3.407602596237985660e-03j), (-3.436282410578223034e-03-1.619094435405830272e-03j), (-2.040001280880140815e-03+3.546686259203435474e-03j), (3.451487726686798020e-03+3.767110196464866674e-03j), (4.523883051871012070e-03-2.825234911845014678e-03j), (-2.251766702515660759e-03-6.342629496852231902e-03j), (-7.491543565024516571e-03+6.297928184747262573e-04j), (-7.845251654156094878e-04+9.205431487774123206e-03j), (1.045845802992589370e-02+3.809152844552274146e-03j), (6.926300578803647190e-03-1.174011584601662196e-02j), (-1.264949038580098425e-02-1.225696853295472899e-02j), (-1.878151332023661815e-02+1.273614463839698244e-02j), (1.185792632937277512e-02+2.913879574497060809e-02j), (4.536716851050884292e-02-7.327155668138521198e-03j), (7.020174710762432102e-04-8.066885632053751032e-02j), (-1.633515611105443854e-01+7.240608850569089927e-03j), (1.274954201914181295e-01+3.019851059505690993e-01j), (3.090545580414147397e-01-5.024191521013405826e-01j), (1.153502682301496135e-01+3.114091040031684021e-01j), (-1.666197861226724752e-01+1.382792744749762603e-02j), (1.321933341901379566e-02-8.676642711359522364e-02j), (5.294894079618420873e-02-1.979417149442771681e-02j), (-1.121165039716454440e-03+2.840449689757922405e-02j), (-3.305582136883295635e-02+2.932974746457532589e-02j)
 (-4.878375143066143900e-03+2.197005444722961720e-03j), (-1.962325187275645519e-03+1.343929821762524131e-03j), (4.189126923008660436e-03-1.455790609545242831e-03j), (3.657780056358066450e-03-2.336469301252017128e-03j), (-2.836656383535433347e-03+1.523847941871088549e-04j), (-4.878649629843701159e-03+2.678235412995390655e-03j), (9.107924476607275012e-04+1.400845971218101340e-03j), (5.534762718824936568e-03-2.177039261316347871e-03j), (1.248720336653721431e-03-2.848823527156556581e-03j), (-5.315842694176985302e-03+8.592947531084315499e-04j), (-3.542201172660872175e-03+3.777772229152683361e-03j), (4.251480892986103655e-03+1.079361044482885076e-03j), (5.594971781759912680e-03-3.808179122941506012e-03j), (-2.276277323142343340e-03-3.317161439640888693e-03j), (-7.126514920186352922e-03+2.735619358468813992e-03j), (-4.934888307052136443e-04+5.339592398498029489e-03j), (7.784057748974941571e-03-4.612566706997545812e-04j), (3.860074990785448707e-03-6.619109517728186468e-03j), (-7.183731241759865223e-03-2.867555612438624051e-03j), (-7.621268909415866016e-03+6.598763140745308314e-03j), (5.115227253829909317e-03+6.879354909002748791e-03j), (1.127084807250491177e-02-4.725980250269243982e-03j), (-1.154868027177249901e-03-1.100674070014849744e-02j), (-1.438867043160992586e-02+4.252297954803396438e-04j), (-5.043322976766228052e-03+1.459437739516845738e-02j), (1.627834471276412912e-02+6.846242238516231718e-03j), (1.427430804861594404e-02-1.659360282619634988e-02j), (-1.594874372948469621e-02-1.836891192406053808e-02j), (-2.866797009897269211e-02+1.546227004968367749e-02j), (1.120864747391411495e-02+3.788599073970284892e-02j), (5.658750867006807211e-02-6.169317903432627870e-03j), (6.602093742748733896e-03-9.083465209745526792e-02j), (-1.739867800790134977e-01+6.059430416505695582e-04j), (1.153502682301534715e-01+3.114091040031725655e-01j), (3.164215519977546798e-01-4.891971676955068626e-01j), (1.341126598676753989e-01+3.060533309344537489e-01j), (-1.669901289844331060e-01-6.384244740451017197e-03j), (-1.162779504252992382e-02-9.015035016265178502e-02j), (4.097931724062945508e-02+6.540321746756939253e-03j), (2.780667005884939272e-02+4.750770766903476827e-02j)
 (-2.670196720588744171e-03-1.550326837646942135e-05j), (-1.184352309098263105e-03+2.345208916766829002e-04j), (2.141315205109578165e-03+2.083411457845821225e-04j), (2.187459506873131246e-03-3.183658236940440484e-04j), (-1.174364663797661159e-03-5.332715085054849907e-04j), (-2.836656383530296397e-03+1.523847941926451707e-04j), (-4.650490968774485129e-05+8.750376202413956287e-04j), (2.912459863786289078e-03+2.634211853554212354e-04j), (1.431122326436498875e-03-1.041450585298836278e-03j), (-2.445302497296162041e-03-8.863389741500392500e-04j), (-2.645645973599905412e-03+8.747980214911413137e-04j), (1.336173970401294438e-03+1.580766784449523727e-03j), (3.543609359679087811e-03-2.800720456720788825e-04j), (2.214925496530570099e-04-2.117867621713031591e-03j), (-3.792742174388680134e-03-7.723509926078915956e-04j), (-2.102399029788453843e-03+2.264868740577702204e-03j), (3.210796135350789740e-03+2.128085477026010319e-03j), (4.036608917788977319e-03-1.709717847750765341e-03j), (-1.721192637742853179e-03-3.567032636169825081e-03j), (-5.519991714625121365e-03+2.446891000883133710e-04j), (-8.743038887803569227e-04+4.698017802330456925e-03j), (6.212125929174440279e-03+2.215243705696261830e-03j), (4.373721205909524359e-03-4.930543273259551176e-03j), (-5.413665838514438236e-03-5.617794792748453427e-03j), (-8.568783748783097981e-03+3.462319189432811611e-03j), (2.304684493046087884e-03+9.740890415003913491e-03j), (1.297909136908611746e-02+7.342988473921152268e-04j), (4.387851269879317583e-03-1.386747741489343169e-02j), (-1.659802258494141175e-02-9.621716929340641544e-03j), (-1.744762993943209037e-02+1.662010781440140250e-02j), (1.710872374561053788e-02+2.772019496277483563e-02j), (4.595228970159272869e-02-1.280398371235411115e-02j), (-5.543058218521246250e-03-8.141065404483514845e-02j), (-1.666197861226741683e-01+1.382792744746921126e-02j), (1.341126598676835591e-01+3.060533309344588004e-01j), (3.160512091359981013e-01-5.094093398834447228e-01j), (1.092655314061274363e-01+3.026694078853824910e-01j), (-1.789597525399910793e-01+1.995024850074869974e-02j), (1.730004005603641426e-02-7.104713939120628485e-02j), (7.403513860946754621e-02-2.278942571781381043e-02j)
 (3.694022833960563298e-03-1.962484553027259854e-03j), (1.433443671800779459e-03-1.151091944377220658e-03j), (-3.186019725232909321e-03+1.371945677538282922e-03j), (-2.690829515044973735e-03+2.011538938533992925e-03j), (2.187459506874180754e-03-3.183658236944546900e-04j), (3.657780056361631307e-03-2.336469301257486711e-03j), (-8.349889674122379325e-04-9.850399916683273693e-04j), (-4.150145302057350535e-03+2.010626296250231110e-03j), (-7.815629701899686962e-04+2.225905738379826710e-03j), (4.101319047035781491e-03-1.025947316937640989e-03j), (2.433072645751766395e-03-3.083344418835469360e-03j), (-3.353517506894916102e-03-4.846350686789971385e-04j), (-4.037305261718662081e-03+3.271078285691658444e-03j), (2.027144508439996523e-03+2.264738401352913225e-03j), (5.245608440058230869e-03-2.588618239598362847e-03j), (-8.845720835117735874e-05-3.983857914092163444e-03j), (-5.849847860958662035e-03+1.016407563544557361e-03j), (-2.370471493184110601e-03+5.180162358576499530e-03j), (5.700348444929115299e-03+1.402526864761999715e-03j), (5.025772382883709512e-03-5.467777974555870953e-03j), (-4.423093039277760201e-03-4.419422103243578724e-03j), (-7.771430755365316481e-03+4.493454779350238015e-03j), (1.953328117824575452e-03+7.604189613098606519e-03j), (1.019360788873671826e-02-1.893453879309395065e-03j), (1.934341631308633853e-03-1.047128177291535046e-02j), (-1.186803709247126470e-02-2.649624201690699461e-03j), (-7.581772285684570262e-03+1.246701582630971826e-02j), (1.232981251362438857e-02+9.481493842115254825e-03j), (1.560819142942709847e-02-1.270963965018642901e-02j), (-1.069794631325873997e-02-1.978751270625816669e-02j), (-2.808284890788491708e-02+9.985442005475889463e-03j), (4.963571784319612684e-03+3.714419301538879337e-02j), (5.331928365793973945e-02+4.180006934891324077e-04j), (1.321933341901022213e-02-8.676642711359028315e-02j), (-1.669901289844291092e-01-6.384244740431255227e-03j), (1.092655314061317523e-01+3.026694078853637282e-01j), (3.040815855804402945e-01-4.830748466422271070e-01j), (1.381933665046891080e-01+3.217726186568147795e-01j), (-1.459039311711320952e-01-9.379498963828614144e-03j), (-1.050663000283683091e-02-1.185548470602242332e-01j)
 (4.103640392390538010e-03-1.135588676016812716e-03j), (1.692355417827113174e-03-8.250597671436135563e-04j), (-3.398701048356613484e-03+6.521058483594137974e-04j), (-3.186019725229363112e-03+1.371945677539141394e-03j), (2.141315205110261646e-03+2.083411457813040372e-04j), (4.189126923001591438e-03-1.455790609551307641e-03j), (-4.458603360209938702e-04-1.200880625246993592e-03j), (-4.529011801375865294e-03+9.774445613489263825e-04j), (-1.479948581467813379e-03+2.026129564616284059e-03j), (4.096812172866661980e-03+2.890029368919806718e-05j), (3.393447513732452802e-03-2.385380407097499253e-03j), (-2.940406586361556107e-03-1.393032917599178492e-03j), (-4.869982358135693974e-03+2.060175378336775564e-03j), (9.868106286864430400e-04+2.800327667819196668e-03j), (5.731429474474458545e-03-9.467685201375989658e-04j), (1.498159608892327393e-03-3.837079416623692327e-03j), (-5.669724836884895702e-03-9.317810325609617549e-04j), (-4.186108333822704738e-03+4.128652276079292256e-03j), (4.376493527438837794e-03+3.279417020176915876e-03j), (6.797247120286914294e-03-3.261584338563575276e-03j), (-1.871354483703975731e-03-5.672340997542618495e-03j), (-8.681890850638768892e-03+9.695238041669425842e-04j), (-1.951544072524089100e-03+7.530544173295800579e-03j), (9.301335587637890590e-03+2.750702632927278565e-03j), (6.894354545056166975e-03-8.005397270421588801e-03j), (-7.952115147426611769e-03-7.745156361619530763e-03j), (-1.251731594793411943e-02+6.097570793040059042e-03j), (3.638567873867576928e-03+1.362485359100426216e-02j), (1.822988878530152485e-02-6.843019347870758773e-04j), (4.972972460985804199e-03-1.934430545912026872e-02j), (-2.284309827456513370e-02-1.036351465364018787e-02j), (-2.071585495153221643e-02+2.320742641131519346e-02j), (2.372596342185667034e-02+3.178841994662770509e-02j), (5.294894079618150950e-02-1.979417149439367113e-02j), (-1.162779504254662227e-02-9.015035016269078161e-02j), (-1.789597525399828915e-01+1.995024850076937417e-02j), (1.381933665046972959e-01+3.217726186568136693e-01j), (3.371374069492949488e-01-5.124045941068094967e-01j), (1.103866964458131567e-01+2.742649109878045888e-01j), (-2.199390697805942707e-01+1.340992675397068012e-02j)
 (-2.001667416125429630e-03+1.137424785868504980e-03j), (-7.285043277786816280e-04+6.676091167358560053e-04j), (1.692355417841218644e-03-8.250597671540529053e-04j), (1.433443671791734828e-03-1.151091944387264056e-03j), (-1.184352309099069534e-03+2.345208916868759185e-04j), (-1.962325187276116496e-03+1.343929821779891532e-03j), (4.951040890517730171e-04+5.066939434691987171e-04j), (2.224336384541589912e-03-1.185377356871413108e-03j), (3.493633417127041895e-04-1.219560883355464906e-03j), (-2.187820114797487097e-03+6.666964744769088682e-04j), (-1.276667059228181163e-03+1.719211794893768432e-03j), (1.876982662476945609e-03+1.594300399451234452e-04j), (2.083709304055556769e-03-1.863783535477446605e-03j), (-1.165697392104730239e-03-1.151331543153106055e-03j), (-2.760638202490740042e-03+1.551866490778632413e-03j), (1.501618459649874614e-04+2.105308361415382610e-03j), (3.161899136001855310e-03-7.248347041003941381e-04j), (1.077240183756922364e-03-2.832526370962373374e-03j), (-3.089209658473421067e-03-5.354589272298064398e-04j), (-2.520633339145133406e-03+3.074853997158790656e-03j), (2.538449308925202607e-03+2.127361568878575679e-03j), (3.948532199132850223e-03-2.635251603611657532e-03j), (-1.333883380818453278e-03-3.883963176004617390e-03j), (-5.250797416204511583e-03+1.418600782184500225e-03j), (-5.851211911087066293e-04+5.476828044225279246e-03j), (6.245075689607159676e-03+7.417977243069856855e-04j), (3.268225012119041917e-03-6.587318596924308586e-03j), (-6.617239676256719480e-03-4.068224983863332443e-03j), (-6.996651094576629079e-03+6.990187782075038547e-03j), (6.084736824008469408e-03+8.739696117819413870e-03j), (1.233996641731702378e-02-6.122321053272263350e-03j), (-4.080706637007956716e-03-1.571928772238949043e-02j), (-2.108619781330076798e-02+2.995254223399091906e-03j), (-1.121165039700270337e-03+2.840449689756771937e-02j), (4.097931724063096776e-02+6.540321746766920852e-03j), (1.730004005601702005e-02-7.104713939120185784e-02j), (-1.459039311711296250e-01-9.379498963840316589e-03j), (1.103866964458300182e-01+2.742649109878119718e-01j), (2.631022683398145934e-01-4.896151683890060391e-01j), (1.208933264486673209e-01+3.928197580480257134e-01j)
 (-4.832144720168134351e-03+1.803197792758440146e-03j), (-2.001667416114297476e-03+1.137424785849880339e-03j), (4.103640392371855905e-03-1.135588676001756617e-03j), (3.694022833970643342e-03-1.962484553013077622e-03j), (-2.670196720588946700e-03-1.550326838740479288e-05j), (-4.878375143062190465e-03+2.197005444708595608e-03j), (7.078715333001867798e-04+1.359433090155964027e-03j), (5.373479232133310420e-03-1.690311501232922469e-03j), (1.516464851215572774e-03-2.544810447019927799e-03j), (-5.024115890388571905e-03+4.707506178554788333e-04j), (-3.704284966046068623e-03+3.211506921522173930e-03j), (3.747448831186113438e-03+1.248461177014878421e-03j), (5.581267628506641695e-03-3.052076881552354907e-03j), (-1.663739527120259784e-03-3.112244712515467755e-03j), (-6.746965020613743952e-03+1.900745338412030729e-03j), (-1.096898675382163837e-03+4.664111203289714354e-03j), (6.897126866605517333e-03+2.045630230157165566e-04j), (4.258797811352997738e-03-5.388945907412253863e-03j), (-5.819886682825595355e-03-3.037089393969706012e-03j), (-7.348007469837447743e-03+4.853486980204617732e-03j), (3.299253343688460325e-03+6.111943391090342292e-03j), (9.886456778753414248e-03-2.726125411296609433e-03j), (6.492788554476260250e-04-8.747194994717202507e-03j), (-1.122034015956356948e-02-1.157837764703996408e-03j), (-5.900076271657461909e-03+1.016579577690427186e-02j), (1.063521896844171408e-02+6.634665808926193051e-03j), (1.214515196128640451e-02-9.423998052598588082e-03j), (-7.366993956331443355e-03-1.322198440584786139e-02j), (-1.876239163754638006e-02+5.355773068736762246e-03j), (3.703428617518314189e-04+2.021217218792494691e-02j), (2.484712846157275529e-02+3.383923049068772101e-03j), (1.196962355554218906e-02-2.633449324118663365e-02j), (-2.892783509856429805e-02-1.910321077144461893e-02j), (-3.305582136885011624e-02+2.932974746455061996e-02j), (2.780667005886520299e-02+4.750770766905595965e-02j), (7.403513860948195136e-02-2.278942571783211524e-02j), (-1.050663000284993154e-02-1.185548470602108828e-01j), (-2.199390697806103689e-01+1.340992675396374123e-02j), (1.208933264486861947e-01+3.928197580480268236e-01j), (4.830413381204063383e-01-5.030250951429668937e-01j)
